EMBER: using param directory: paramFiles
EMBER: platform: default
Setting Value for ShortMsgSize to 2147483642
EMBER: network: topology=torus shape=32x32
EMBER: numNodes=1024 numNics=1024
override nicParams module=merlin.linkcontrol with merlin.reorderlinkcontrol
link_bw 400Gb/s
xbar_bw 3200Gb/s
nic_link_bw 1600Gb/s
EMBER: network: BW=400Gb/s pktSize=8192B flitSize=256B
EMBER: Job=10, nidList='0-1023'
EMBER: Motif='Init'
EMBER: Motif='AllPingPong messageSize=1024'
EMBER: Motif='Fini'
Radix of routers is 5
AllPingPong: total time 1.027 us, loop 1, bufLen 1024, latency 0.514 us. bandwidth 1.994158 GB/s
STATS 10 203 EMBER 0 235799 235799 1047552
STATS 10 207 EMBER 0 244415 244415 1047552
STATS 10 211 EMBER 0 240366 240366 1047552
STATS 10 912 EMBER 0 246625 246625 1047552
STATS 10 921 EMBER 0 233984 233984 1047552
STATS 10 918 EMBER 0 235473 235473 1047552
STATS 10 615 EMBER 0 236942 236942 1047552
STATS 10 630 EMBER 0 234909 234909 1047552
STATS 10 606 EMBER 0 241219 241219 1047552
STATS 10 291 EMBER 0 242116 242116 1047552
STATS 10 276 EMBER 0 237644 237644 1047552
STATS 10 282 EMBER 0 234714 234714 1047552
STATS 10 300 EMBER 0 236941 236941 1047552
STATS 10 453 EMBER 0 238143 238143 1047552
STATS 10 429 EMBER 0 238831 238831 1047552
STATS 10 444 EMBER 0 238606 238606 1047552
STATS 10 378 EMBER 0 234428 234428 1047552
STATS 10 372 EMBER 0 237825 237825 1047552
STATS 10 381 EMBER 0 239519 239519 1047552
STATS 10 471 EMBER 0 233828 233828 1047552
STATS 10 465 EMBER 0 246298 246298 1047552
STATS 10 474 EMBER 0 234935 234935 1047552
STATS 10 348 EMBER 0 237905 237905 1047552
STATS 10 336 EMBER 0 245773 245773 1047552
STATS 10 363 EMBER 0 235584 235584 1047552
STATS 10 891 EMBER 0 235138 235138 1047552
STATS 10 888 EMBER 0 233822 233822 1047552
STATS 10 903 EMBER 0 237577 237577 1047552
STATS 10 993 EMBER 0 245964 245964 1047552
STATS 10 972 EMBER 0 237576 237576 1047552
STATS 10 978 EMBER 0 243858 243858 1047552
STATS 10 645 EMBER 0 237729 237729 1047552
STATS 10 648 EMBER 0 234629 234629 1047552
STATS 10 660 EMBER 0 237858 237858 1047552
STATS 10 549 EMBER 0 238278 238278 1047552
STATS 10 570 EMBER 0 234909 234909 1047552
STATS 10 546 EMBER 0 244540 244540 1047552
STATS 10 119 EMBER 0 233758 233758 1047552
STATS 10 115 EMBER 0 240478 240478 1047552
STATS 10 91 EMBER 0 235526 235526 1047552
STATS 10 7 EMBER 0 237558 237558 1047552
STATS 10 39 EMBER 0 237571 237571 1047552
STATS 10 35 EMBER 0 242877 242877 1047552
STATS 10 504 EMBER 0 233970 233970 1047552
STATS 10 498 EMBER 0 243850 243850 1047552
STATS 10 510 EMBER 0 241688 241688 1047552
STATS 10 306 EMBER 0 243289 243289 1047552
STATS 10 324 EMBER 0 238940 238940 1047552
STATS 10 312 EMBER 0 233427 233427 1047552
STATS 10 420 EMBER 0 239571 239571 1047552
STATS 10 408 EMBER 0 233448 233448 1047552
STATS 10 411 EMBER 0 235133 235133 1047552
STATS 10 591 EMBER 0 244390 244390 1047552
STATS 10 582 EMBER 0 237597 237597 1047552
STATS 10 600 EMBER 0 233788 233788 1047552
STATS 10 243 EMBER 0 240303 240303 1047552
STATS 10 247 EMBER 0 233524 233524 1047552
STATS 10 267 EMBER 0 235603 235603 1047552
STATS 10 273 EMBER 0 245722 245722 1047552
STATS 10 816 EMBER 0 245742 245742 1047552
STATS 10 834 EMBER 0 243847 243847 1047552
STATS 10 837 EMBER 0 237579 237579 1047552
STATS 10 735 EMBER 0 242027 242027 1047552
STATS 10 726 EMBER 0 234765 234765 1047552
STATS 10 741 EMBER 0 237432 237432 1047552
STATS 10 131 EMBER 0 242859 242859 1047552
STATS 10 147 EMBER 0 240520 240520 1047552
STATS 10 151 EMBER 0 233751 233751 1047552
STATS 10 702 EMBER 0 240794 240794 1047552
STATS 10 699 EMBER 0 234710 234710 1047552
STATS 10 720 EMBER 0 245618 245618 1047552
STATS 10 711 EMBER 0 236609 236609 1047552
STATS 10 516 EMBER 0 239831 239831 1047552
STATS 10 522 EMBER 0 236316 236316 1047552
STATS 10 543 EMBER 0 242945 242945 1047552
STATS 10 948 EMBER 0 238297 238297 1047552
STATS 10 954 EMBER 0 235095 235095 1047552
STATS 10 939 EMBER 0 236263 236263 1047552
STATS 10 175 EMBER 0 244544 244544 1047552
STATS 10 191 EMBER 0 242741 242741 1047552
STATS 10 199 EMBER 0 236982 236982 1047552
STATS 10 195 EMBER 0 242468 242468 1047552
STATS 10 687 EMBER 0 244028 244028 1047552
STATS 10 685 EMBER 0 238219 238219 1047552
STATS 10 678 EMBER 0 237170 237170 1047552
STATS 10 771 EMBER 0 241881 241881 1047552
STATS 10 774 EMBER 0 237108 237108 1047552
STATS 10 765 EMBER 0 239167 239167 1047552
STATS 10 612 EMBER 0 239174 239174 1047552
STATS 10 609 EMBER 0 245491 245491 1047552
STATS 10 618 EMBER 0 235926 235926 1047552
STATS 10 621 EMBER 0 238365 238365 1047552
STATS 10 633 EMBER 0 233594 233594 1047552
STATS 10 624 EMBER 0 245884 245884 1047552
STATS 10 294 EMBER 0 237141 237141 1047552
STATS 10 288 EMBER 0 245874 245874 1047552
STATS 10 285 EMBER 0 239668 239668 1047552
STATS 10 303 EMBER 0 244095 244095 1047552
STATS 10 279 EMBER 0 233468 233468 1047552
STATS 10 297 EMBER 0 235559 235559 1047552
STATS 10 289 EMBER 0 245154 245154 1047552
STATS 10 274 EMBER 0 243294 243294 1047552
STATS 10 435 EMBER 0 240520 240520 1047552
STATS 10 438 EMBER 0 235145 235145 1047552
STATS 10 426 EMBER 0 236082 236082 1047552
STATS 10 387 EMBER 0 242327 242327 1047552
STATS 10 366 EMBER 0 242126 242126 1047552
STATS 10 390 EMBER 0 237394 237394 1047552
STATS 10 477 EMBER 0 240093 240093 1047552
STATS 10 480 EMBER 0 246535 246535 1047552
STATS 10 483 EMBER 0 242852 242852 1047552
STATS 10 462 EMBER 0 242439 242439 1047552
STATS 10 342 EMBER 0 234631 234631 1047552
STATS 10 360 EMBER 0 234537 234537 1047552
STATS 10 345 EMBER 0 233140 233140 1047552
STATS 10 351 EMBER 0 242228 242228 1047552
STATS 10 339 EMBER 0 239930 239930 1047552
STATS 10 354 EMBER 0 243718 243718 1047552
STATS 10 357 EMBER 0 237614 237614 1047552
STATS 10 900 EMBER 0 239766 239766 1047552
STATS 10 894 EMBER 0 241181 241181 1047552
STATS 10 897 EMBER 0 245896 245896 1047552
STATS 10 876 EMBER 0 237442 237442 1047552
STATS 10 885 EMBER 0 235945 235945 1047552
STATS 10 879 EMBER 0 244522 244522 1047552
STATS 10 990 EMBER 0 241656 241656 1047552
STATS 10 966 EMBER 0 238074 238074 1047552
STATS 10 984 EMBER 0 233968 233968 1047552
STATS 10 975 EMBER 0 244814 244814 1047552
STATS 10 969 EMBER 0 236272 236272 1047552
STATS 10 987 EMBER 0 235547 235547 1047552
STATS 10 981 EMBER 0 236138 236138 1047552
STATS 10 639 EMBER 0 242365 242365 1047552
STATS 10 651 EMBER 0 235508 235508 1047552
STATS 10 654 EMBER 0 242090 242090 1047552
STATS 10 642 EMBER 0 243773 243773 1047552
STATS 10 663 EMBER 0 233350 233350 1047552
STATS 10 636 EMBER 0 238121 238121 1047552
STATS 10 555 EMBER 0 235952 235952 1047552
STATS 10 552 EMBER 0 235125 235125 1047552
STATS 10 573 EMBER 0 240073 240073 1047552
STATS 10 561 EMBER 0 246201 246201 1047552
STATS 10 567 EMBER 0 233767 233767 1047552
STATS 10 564 EMBER 0 238116 238116 1047552
STATS 10 107 EMBER 0 236155 236155 1047552
STATS 10 103 EMBER 0 237723 237723 1047552
STATS 10 99 EMBER 0 243059 243059 1047552
STATS 10 83 EMBER 0 240509 240509 1047552
STATS 10 111 EMBER 0 244878 244878 1047552
STATS 10 87 EMBER 0 233828 233828 1047552
STATS 10 23 EMBER 0 233770 233770 1047552
STATS 10 31 EMBER 0 242794 242794 1047552
STATS 10 11 EMBER 0 236032 236032 1047552
STATS 10 495 EMBER 0 244751 244751 1047552
STATS 10 507 EMBER 0 235536 235536 1047552
STATS 10 501 EMBER 0 236069 236069 1047552
STATS 10 486 EMBER 0 237951 237951 1047552
STATS 10 489 EMBER 0 236210 236210 1047552
STATS 10 492 EMBER 0 237444 237444 1047552
STATS 10 327 EMBER 0 236538 236538 1047552
STATS 10 325 EMBER 0 237368 237368 1047552
STATS 10 309 EMBER 0 235561 235561 1047552
STATS 10 864 EMBER 0 246276 246276 1047552
STATS 10 873 EMBER 0 235914 235914 1047552
STATS 10 870 EMBER 0 237702 237702 1047552
STATS 10 402 EMBER 0 243519 243519 1047552
STATS 10 396 EMBER 0 237075 237075 1047552
STATS 10 423 EMBER 0 237164 237164 1047552
STATS 10 399 EMBER 0 244520 244520 1047552
STATS 10 405 EMBER 0 235788 235788 1047552
STATS 10 579 EMBER 0 242615 242615 1047552
STATS 10 588 EMBER 0 237351 237351 1047552
STATS 10 594 EMBER 0 243374 243374 1047552
STATS 10 585 EMBER 0 235999 235999 1047552
STATS 10 597 EMBER 0 235773 235773 1047552
STATS 10 255 EMBER 0 242749 242749 1047552
STATS 10 251 EMBER 0 235209 235209 1047552
STATS 10 261 EMBER 0 237666 237666 1047552
STATS 10 822 EMBER 0 234805 234805 1047552
STATS 10 828 EMBER 0 237890 237890 1047552
STATS 10 843 EMBER 0 235519 235519 1047552
STATS 10 825 EMBER 0 233252 233252 1047552
STATS 10 732 EMBER 0 237735 237735 1047552
STATS 10 753 EMBER 0 245241 245241 1047552
STATS 10 738 EMBER 0 243556 243556 1047552
STATS 10 747 EMBER 0 235174 235174 1047552
STATS 10 729 EMBER 0 233366 233366 1047552
STATS 10 55 EMBER 0 233775 233775 1047552
STATS 10 63 EMBER 0 242809 242809 1047552
STATS 10 71 EMBER 0 237648 237648 1047552
STATS 10 51 EMBER 0 240506 240506 1047552
STATS 10 159 EMBER 0 242861 242861 1047552
STATS 10 139 EMBER 0 236114 236114 1047552
STATS 10 135 EMBER 0 237565 237565 1047552
STATS 10 155 EMBER 0 235440 235440 1047552
STATS 10 123 EMBER 0 235465 235465 1047552
STATS 10 143 EMBER 0 244701 244701 1047552
STATS 10 705 EMBER 0 245120 245120 1047552
STATS 10 717 EMBER 0 238137 238137 1047552
STATS 10 723 EMBER 0 239952 239952 1047552
STATS 10 696 EMBER 0 233566 233566 1047552
STATS 10 714 EMBER 0 235487 235487 1047552
STATS 10 537 EMBER 0 234022 234022 1047552
STATS 10 528 EMBER 0 246676 246676 1047552
STATS 10 519 EMBER 0 237630 237630 1047552
STATS 10 534 EMBER 0 235229 235229 1047552
STATS 10 531 EMBER 0 240536 240536 1047552
STATS 10 804 EMBER 0 238953 238953 1047552
STATS 10 786 EMBER 0 242966 242966 1047552
STATS 10 792 EMBER 0 233429 233429 1047552
STATS 10 801 EMBER 0 245146 245146 1047552
STATS 10 945 EMBER 0 246402 246402 1047552
STATS 10 957 EMBER 0 240162 240162 1047552
STATS 10 963 EMBER 0 242978 242978 1047552
STATS 10 960 EMBER 0 246572 246572 1047552
STATS 10 942 EMBER 0 242746 242746 1047552
STATS 10 936 EMBER 0 235391 235391 1047552
STATS 10 167 EMBER 0 237286 237286 1047552
STATS 10 179 EMBER 0 240516 240516 1047552
STATS 10 187 EMBER 0 235356 235356 1047552
STATS 10 171 EMBER 0 236002 236002 1047552
STATS 10 1002 EMBER 0 236296 236296 1047552
STATS 10 1023 EMBER 0 242800 242800 1047552
STATS 10 1014 EMBER 0 235268 235268 1047552
STATS 10 1020 EMBER 0 238743 238743 1047552
STATS 10 693 EMBER 0 235558 235558 1047552
STATS 10 681 EMBER 0 235652 235652 1047552
STATS 10 684 EMBER 0 236887 236887 1047552
STATS 10 675 EMBER 0 242058 242058 1047552
STATS 10 666 EMBER 0 234513 234513 1047552
STATS 10 672 EMBER 0 245678 245678 1047552
STATS 10 780 EMBER 0 236736 236736 1047552
STATS 10 762 EMBER 0 234452 234452 1047552
STATS 10 768 EMBER 0 245614 245614 1047552
STATS 10 756 EMBER 0 237642 237642 1047552
STATS 10 227 EMBER 0 242415 242415 1047552
STATS 10 226 EMBER 0 244069 244069 1047552
STATS 10 224 EMBER 0 246110 246110 1047552
STATS 10 219 EMBER 0 235177 235177 1047552
STATS 10 906 EMBER 0 236397 236397 1047552
STATS 10 909 EMBER 0 238922 238922 1047552
STATS 10 927 EMBER 0 242630 242630 1047552
STATS 10 258 EMBER 0 243980 243980 1047552
STATS 10 264 EMBER 0 234581 234581 1047552
STATS 10 270 EMBER 0 242070 242070 1047552
STATS 10 242 EMBER 0 243544 243544 1047552
STATS 10 268 EMBER 0 237112 237112 1047552
STATS 10 819 EMBER 0 239916 239916 1047552
STATS 10 831 EMBER 0 242012 242012 1047552
STATS 10 840 EMBER 0 234528 234528 1047552
STATS 10 814 EMBER 0 241903 241903 1047552
STATS 10 838 EMBER 0 237420 237420 1047552
STATS 10 750 EMBER 0 241811 241811 1047552
STATS 10 744 EMBER 0 234347 234347 1047552
STATS 10 75 EMBER 0 236116 236116 1047552
STATS 10 67 EMBER 0 242972 242972 1047552
STATS 10 43 EMBER 0 236044 236044 1047552
STATS 10 47 EMBER 0 244707 244707 1047552
STATS 10 127 EMBER 0 242862 242862 1047552
STATS 10 130 EMBER 0 244479 244479 1047552
STATS 10 146 EMBER 0 243800 243800 1047552
STATS 10 708 EMBER 0 238873 238873 1047552
STATS 10 700 EMBER 0 237834 237834 1047552
STATS 10 525 EMBER 0 238946 238946 1047552
STATS 10 540 EMBER 0 238906 238906 1047552
STATS 10 795 EMBER 0 234636 234636 1047552
STATS 10 789 EMBER 0 235484 235484 1047552
STATS 10 810 EMBER 0 235470 235470 1047552
STATS 10 807 EMBER 0 236601 236601 1047552
STATS 10 951 EMBER 0 234015 234015 1047552
STATS 10 163 EMBER 0 242684 242684 1047552
STATS 10 183 EMBER 0 233866 233866 1047552
STATS 10 174 EMBER 0 242455 242455 1047552
STATS 10 190 EMBER 0 241503 241503 1047552
STATS 10 198 EMBER 0 237511 237511 1047552
STATS 10 1017 EMBER 0 233936 233936 1047552
STATS 10 1008 EMBER 0 246568 246568 1047552
STATS 10 999 EMBER 0 237596 237596 1047552
STATS 10 1011 EMBER 0 240523 240523 1047552
STATS 10 1005 EMBER 0 238744 238744 1047552
STATS 10 996 EMBER 0 239842 239842 1047552
STATS 10 1000 EMBER 0 235143 235143 1047552
STATS 10 669 EMBER 0 239348 239348 1047552
STATS 10 690 EMBER 0 243051 243051 1047552
STATS 10 777 EMBER 0 235510 235510 1047552
STATS 10 783 EMBER 0 243911 243911 1047552
STATS 10 759 EMBER 0 233037 233037 1047552
STATS 10 223 EMBER 0 242689 242689 1047552
STATS 10 239 EMBER 0 244449 244449 1047552
STATS 10 215 EMBER 0 233714 233714 1047552
STATS 10 202 EMBER 0 236083 236083 1047552
STATS 10 206 EMBER 0 242303 242303 1047552
STATS 10 210 EMBER 0 243517 243517 1047552
STATS 10 231 EMBER 0 236870 236870 1047552
STATS 10 933 EMBER 0 238447 238447 1047552
STATS 10 915 EMBER 0 240787 240787 1047552
STATS 10 930 EMBER 0 244657 244657 1047552
STATS 10 627 EMBER 0 240188 240188 1047552
STATS 10 613 EMBER 0 237838 237838 1047552
STATS 10 628 EMBER 0 237962 237962 1047552
STATS 10 280 EMBER 0 233595 233595 1047552
STATS 10 298 EMBER 0 235629 235629 1047552
STATS 10 292 EMBER 0 239084 239084 1047552
STATS 10 447 EMBER 0 242797 242797 1047552
STATS 10 450 EMBER 0 244460 244460 1047552
STATS 10 441 EMBER 0 233782 233782 1047552
STATS 10 432 EMBER 0 246514 246514 1047552
STATS 10 451 EMBER 0 242790 242790 1047552
STATS 10 393 EMBER 0 235737 235737 1047552
STATS 10 384 EMBER 0 246180 246180 1047552
STATS 10 375 EMBER 0 233396 233396 1047552
STATS 10 369 EMBER 0 245809 245809 1047552
STATS 10 456 EMBER 0 235112 235112 1047552
STATS 10 459 EMBER 0 235994 235994 1047552
STATS 10 468 EMBER 0 238074 238074 1047552
STATS 10 469 EMBER 0 236030 236030 1047552
STATS 10 346 EMBER 0 234295 234295 1047552
STATS 10 334 EMBER 0 241857 241857 1047552
STATS 10 361 EMBER 0 235595 235595 1047552
STATS 10 340 EMBER 0 237466 237466 1047552
STATS 10 882 EMBER 0 243713 243713 1047552
STATS 10 889 EMBER 0 233724 233724 1047552
STATS 10 991 EMBER 0 242877 242877 1047552
STATS 10 970 EMBER 0 236364 236364 1047552
STATS 10 657 EMBER 0 245428 245428 1047552
STATS 10 643 EMBER 0 242144 242144 1047552
STATS 10 558 EMBER 0 242493 242493 1047552
STATS 10 547 EMBER 0 242942 242942 1047552
STATS 10 568 EMBER 0 233974 233974 1047552
STATS 10 95 EMBER 0 242869 242869 1047552
STATS 10 118 EMBER 0 235235 235235 1047552
STATS 10 94 EMBER 0 241642 241642 1047552
STATS 10 27 EMBER 0 235465 235465 1047552
STATS 10 3 EMBER 0 242831 242831 1047552
STATS 10 19 EMBER 0 240522 240522 1047552
STATS 10 15 EMBER 0 244690 244690 1047552
STATS 10 513 EMBER 0 246093 246093 1047552
STATS 10 502 EMBER 0 235269 235269 1047552
STATS 10 330 EMBER 0 235384 235384 1047552
STATS 10 318 EMBER 0 240879 240879 1047552
STATS 10 316 EMBER 0 237954 237954 1047552
STATS 10 317 EMBER 0 239382 239382 1047552
STATS 10 321 EMBER 0 244982 244982 1047552
STATS 10 846 EMBER 0 242062 242062 1047552
STATS 10 867 EMBER 0 242554 242554 1047552
STATS 10 855 EMBER 0 233341 233341 1047552
STATS 10 852 EMBER 0 237600 237600 1047552
STATS 10 849 EMBER 0 245734 245734 1047552
STATS 10 861 EMBER 0 239400 239400 1047552
STATS 10 414 EMBER 0 241240 241240 1047552
STATS 10 417 EMBER 0 245775 245775 1047552
STATS 10 418 EMBER 0 244307 244307 1047552
STATS 10 576 EMBER 0 246144 246144 1047552
STATS 10 603 EMBER 0 235075 235075 1047552
STATS 10 235 EMBER 0 235755 235755 1047552
STATS 10 225 EMBER 0 245535 245535 1047552
STATS 10 234 EMBER 0 235945 235945 1047552
STATS 10 924 EMBER 0 238628 238628 1047552
STATS 10 910 EMBER 0 242734 242734 1047552
STATS 10 922 EMBER 0 234936 234936 1047552
STATS 10 604 EMBER 0 238309 238309 1047552
STATS 10 610 EMBER 0 243973 243973 1047552
STATS 10 286 EMBER 0 241215 241215 1047552
STATS 10 283 EMBER 0 235064 235064 1047552
STATS 10 427 EMBER 0 235936 235936 1047552
STATS 10 442 EMBER 0 234838 234838 1047552
STATS 10 433 EMBER 0 246224 246224 1047552
STATS 10 443 EMBER 0 235356 235356 1047552
STATS 10 424 EMBER 0 235053 235053 1047552
STATS 10 376 EMBER 0 233417 233417 1047552
STATS 10 370 EMBER 0 243516 243516 1047552
STATS 10 379 EMBER 0 235039 235039 1047552
STATS 10 463 EMBER 0 244745 244745 1047552
STATS 10 472 EMBER 0 233821 233821 1047552
STATS 10 473 EMBER 0 233854 233854 1047552
STATS 10 358 EMBER 0 237363 237363 1047552
STATS 10 341 EMBER 0 235491 235491 1047552
STATS 10 349 EMBER 0 239319 239319 1047552
STATS 10 337 EMBER 0 245467 245467 1047552
STATS 10 352 EMBER 0 246003 246003 1047552
STATS 10 886 EMBER 0 235259 235259 1047552
STATS 10 901 EMBER 0 238216 238216 1047552
STATS 10 898 EMBER 0 244442 244442 1047552
STATS 10 976 EMBER 0 246656 246656 1047552
STATS 10 988 EMBER 0 238830 238830 1047552
STATS 10 977 EMBER 0 246310 246310 1047552
STATS 10 982 EMBER 0 235323 235323 1047552
STATS 10 646 EMBER 0 237276 237276 1047552
STATS 10 658 EMBER 0 243101 243101 1047552
STATS 10 544 EMBER 0 246481 246481 1047552
STATS 10 553 EMBER 0 236195 236195 1047552
STATS 10 550 EMBER 0 237971 237971 1047552
STATS 10 90 EMBER 0 235059 235059 1047552
STATS 10 106 EMBER 0 236476 236476 1047552
STATS 10 102 EMBER 0 238178 238178 1047552
STATS 10 98 EMBER 0 244672 244672 1047552
STATS 10 6 EMBER 0 237968 237968 1047552
STATS 10 38 EMBER 0 238004 238004 1047552
STATS 10 496 EMBER 0 246598 246598 1047552
STATS 10 503 EMBER 0 233890 233890 1047552
STATS 10 493 EMBER 0 238866 238866 1047552
STATS 10 315 EMBER 0 234862 234862 1047552
STATS 10 304 EMBER 0 245971 245971 1047552
STATS 10 858 EMBER 0 234626 234626 1047552
STATS 10 406 EMBER 0 234871 234871 1047552
STATS 10 409 EMBER 0 233478 233478 1047552
STATS 10 400 EMBER 0 246382 246382 1047552
STATS 10 589 EMBER 0 238522 238522 1047552
STATS 10 601 EMBER 0 233685 233685 1047552
STATS 10 598 EMBER 0 234913 234913 1047552
STATS 10 577 EMBER 0 245751 245751 1047552
STATS 10 586 EMBER 0 236057 236057 1047552
STATS 10 265 EMBER 0 235634 235634 1047552
STATS 10 271 EMBER 0 244174 244174 1047552
STATS 10 254 EMBER 0 241369 241369 1047552
STATS 10 835 EMBER 0 242224 242224 1047552
STATS 10 820 EMBER 0 237400 237400 1047552
STATS 10 826 EMBER 0 234478 234478 1047552
STATS 10 841 EMBER 0 235651 235651 1047552
STATS 10 733 EMBER 0 239158 239158 1047552
STATS 10 724 EMBER 0 237741 237741 1047552
STATS 10 79 EMBER 0 244801 244801 1047552
STATS 10 59 EMBER 0 235475 235475 1047552
STATS 10 54 EMBER 0 235268 235268 1047552
STATS 10 62 EMBER 0 241585 241585 1047552
STATS 10 58 EMBER 0 235028 235028 1047552
STATS 10 150 EMBER 0 235294 235294 1047552
STATS 10 158 EMBER 0 241571 241571 1047552
STATS 10 138 EMBER 0 236292 236292 1047552
STATS 10 706 EMBER 0 243606 243606 1047552
STATS 10 701 EMBER 0 239268 239268 1047552
STATS 10 709 EMBER 0 237520 237520 1047552
STATS 10 514 EMBER 0 244594 244594 1047552
STATS 10 538 EMBER 0 235023 235023 1047552
STATS 10 520 EMBER 0 235250 235250 1047552
STATS 10 535 EMBER 0 233863 233863 1047552
STATS 10 521 EMBER 0 236291 236291 1047552
STATS 10 517 EMBER 0 238322 238322 1047552
STATS 10 532 EMBER 0 238145 238145 1047552
STATS 10 813 EMBER 0 237969 237969 1047552
STATS 10 798 EMBER 0 240773 240773 1047552
STATS 10 802 EMBER 0 243626 243626 1047552
STATS 10 784 EMBER 0 245629 245629 1047552
STATS 10 790 EMBER 0 234730 234730 1047552
STATS 10 946 EMBER 0 243968 243968 1047552
STATS 10 952 EMBER 0 234037 234037 1047552
STATS 10 194 EMBER 0 244129 244129 1047552
STATS 10 166 EMBER 0 237741 237741 1047552
STATS 10 178 EMBER 0 243704 243704 1047552
STATS 10 186 EMBER 0 234876 234876 1047552
STATS 10 1021 EMBER 0 240085 240085 1047552
STATS 10 1012 EMBER 0 238013 238013 1047552
STATS 10 686 EMBER 0 241985 241985 1047552
STATS 10 676 EMBER 0 238949 238949 1047552
STATS 10 769 EMBER 0 245061 245061 1047552
STATS 10 772 EMBER 0 238886 238886 1047552
STATS 10 763 EMBER 0 234619 234619 1047552
STATS 10 778 EMBER 0 235407 235407 1047552
STATS 10 892 EMBER 0 238349 238349 1047552
STATS 10 895 EMBER 0 242401 242401 1047552
STATS 10 874 EMBER 0 236095 236095 1047552
STATS 10 883 EMBER 0 240492 240492 1047552
STATS 10 973 EMBER 0 238806 238806 1047552
STATS 10 967 EMBER 0 237697 237697 1047552
STATS 10 985 EMBER 0 233976 233976 1047552
STATS 10 979 EMBER 0 240604 240604 1047552
STATS 10 992 EMBER 0 246501 246501 1047552
STATS 10 637 EMBER 0 239496 239496 1047552
STATS 10 649 EMBER 0 235730 235730 1047552
STATS 10 571 EMBER 0 235422 235422 1047552
STATS 10 559 EMBER 0 244642 244642 1047552
STATS 10 100 EMBER 0 239898 239898 1047552
STATS 10 110 EMBER 0 242711 242711 1047552
STATS 10 86 EMBER 0 235269 235269 1047552
STATS 10 4 EMBER 0 239802 239802 1047552
STATS 10 22 EMBER 0 235280 235280 1047552
STATS 10 30 EMBER 0 241572 241572 1047552
STATS 10 10 EMBER 0 236281 236281 1047552
STATS 10 26 EMBER 0 234972 234972 1047552
STATS 10 505 EMBER 0 233979 233979 1047552
STATS 10 499 EMBER 0 240532 240532 1047552
STATS 10 322 EMBER 0 243562 243562 1047552
STATS 10 310 EMBER 0 234687 234687 1047552
STATS 10 333 EMBER 0 238068 238068 1047552
STATS 10 862 EMBER 0 240887 240887 1047552
STATS 10 871 EMBER 0 237316 237316 1047552
STATS 10 868 EMBER 0 239431 239431 1047552
STATS 10 844 EMBER 0 237038 237038 1047552
STATS 10 394 EMBER 0 235864 235864 1047552
STATS 10 421 EMBER 0 238021 238021 1047552
STATS 10 592 EMBER 0 246086 246086 1047552
STATS 10 583 EMBER 0 237110 237110 1047552
STATS 10 595 EMBER 0 240278 240278 1047552
STATS 10 574 EMBER 0 241552 241552 1047552
STATS 10 250 EMBER 0 234730 234730 1047552
STATS 10 259 EMBER 0 242335 242335 1047552
STATS 10 823 EMBER 0 233089 233089 1047552
STATS 10 817 EMBER 0 245422 245422 1047552
STATS 10 829 EMBER 0 239298 239298 1047552
STATS 10 739 EMBER 0 241917 241917 1047552
STATS 10 730 EMBER 0 234434 234434 1047552
STATS 10 751 EMBER 0 243916 243916 1047552
STATS 10 736 EMBER 0 245533 245533 1047552
STATS 10 50 EMBER 0 243762 243762 1047552
STATS 10 74 EMBER 0 236357 236357 1047552
STATS 10 66 EMBER 0 244589 244589 1047552
STATS 10 42 EMBER 0 236298 236298 1047552
STATS 10 134 EMBER 0 238037 238037 1047552
STATS 10 154 EMBER 0 234918 234918 1047552
STATS 10 122 EMBER 0 234994 234994 1047552
STATS 10 703 EMBER 0 242123 242123 1047552
STATS 10 715 EMBER 0 235260 235260 1047552
STATS 10 721 EMBER 0 245306 245306 1047552
STATS 10 529 EMBER 0 246379 246379 1047552
STATS 10 523 EMBER 0 236118 236118 1047552
STATS 10 530 EMBER 0 243862 243862 1047552
STATS 10 799 EMBER 0 241997 241997 1047552
STATS 10 793 EMBER 0 233252 233252 1047552
STATS 10 787 EMBER 0 239873 239873 1047552
STATS 10 794 EMBER 0 234478 234478 1047552
STATS 10 937 EMBER 0 236396 236396 1047552
STATS 10 943 EMBER 0 244903 244903 1047552
STATS 10 955 EMBER 0 235519 235519 1047552
STATS 10 170 EMBER 0 236067 236067 1047552
STATS 10 162 EMBER 0 244338 244338 1047552
STATS 10 182 EMBER 0 235315 235315 1047552
STATS 10 1018 EMBER 0 234991 234991 1047552
STATS 10 1015 EMBER 0 233796 233796 1047552
STATS 10 1006 EMBER 0 242534 242534 1047552
STATS 10 997 EMBER 0 238227 238227 1047552
STATS 10 691 EMBER 0 239990 239990 1047552
STATS 10 679 EMBER 0 236684 236684 1047552
STATS 10 760 EMBER 0 233473 233473 1047552
STATS 10 766 EMBER 0 240703 240703 1047552
STATS 10 754 EMBER 0 242888 242888 1047552
STATS 10 222 EMBER 0 241438 241438 1047552
STATS 10 238 EMBER 0 242284 242284 1047552
STATS 10 916 EMBER 0 238388 238388 1047552
STATS 10 904 EMBER 0 235103 235103 1047552
STATS 10 907 EMBER 0 236167 236167 1047552
STATS 10 607 EMBER 0 242557 242557 1047552
STATS 10 616 EMBER 0 234704 234704 1047552
STATS 10 619 EMBER 0 235670 235670 1047552
STATS 10 301 EMBER 0 238242 238242 1047552
STATS 10 277 EMBER 0 235643 235643 1047552
STATS 10 295 EMBER 0 236595 236595 1047552
STATS 10 290 EMBER 0 243757 243757 1047552
STATS 10 445 EMBER 0 239988 239988 1047552
STATS 10 448 EMBER 0 246493 246493 1047552
STATS 10 439 EMBER 0 233741 233741 1047552
STATS 10 430 EMBER 0 242372 242372 1047552
STATS 10 385 EMBER 0 245497 245497 1047552
STATS 10 364 EMBER 0 236974 236974 1047552
STATS 10 388 EMBER 0 239278 239278 1047552
STATS 10 478 EMBER 0 241593 241593 1047552
STATS 10 481 EMBER 0 245974 245974 1047552
STATS 10 460 EMBER 0 237372 237372 1047552
STATS 10 454 EMBER 0 237827 237827 1047552
STATS 10 355 EMBER 0 242076 242076 1047552
STATS 10 347 EMBER 0 234780 234780 1047552
STATS 10 335 EMBER 0 244036 244036 1047552
STATS 10 362 EMBER 0 235721 235721 1047552
STATS 10 343 EMBER 0 233158 233158 1047552
STATS 10 359 EMBER 0 236837 236837 1047552
STATS 10 925 EMBER 0 239928 239928 1047552
STATS 10 931 EMBER 0 243022 243022 1047552
STATS 10 631 EMBER 0 233446 233446 1047552
STATS 10 622 EMBER 0 242178 242178 1047552
STATS 10 625 EMBER 0 245581 245581 1047552
STATS 10 614 EMBER 0 237396 237396 1047552
STATS 10 275 EMBER 0 240049 240049 1047552
STATS 10 281 EMBER 0 233562 233562 1047552
STATS 10 299 EMBER 0 235445 235445 1047552
STATS 10 293 EMBER 0 237358 237358 1047552
STATS 10 452 EMBER 0 239722 239722 1047552
STATS 10 428 EMBER 0 237340 237340 1047552
STATS 10 436 EMBER 0 238049 238049 1047552
STATS 10 434 EMBER 0 243805 243805 1047552
STATS 10 425 EMBER 0 236072 236072 1047552
STATS 10 391 EMBER 0 236857 236857 1047552
STATS 10 389 EMBER 0 237715 237715 1047552
STATS 10 392 EMBER 0 234825 234825 1047552
STATS 10 455 EMBER 0 237348 237348 1047552
STATS 10 466 EMBER 0 243840 243840 1047552
STATS 10 350 EMBER 0 240841 240841 1047552
STATS 10 338 EMBER 0 243166 243166 1047552
STATS 10 353 EMBER 0 245192 245192 1047552
STATS 10 877 EMBER 0 238557 238557 1047552
STATS 10 884 EMBER 0 238105 238105 1047552
STATS 10 890 EMBER 0 234744 234744 1047552
STATS 10 887 EMBER 0 233723 233723 1047552
STATS 10 971 EMBER 0 236124 236124 1047552
STATS 10 964 EMBER 0 239959 239959 1047552
STATS 10 989 EMBER 0 240168 240168 1047552
STATS 10 983 EMBER 0 233923 233923 1047552
STATS 10 974 EMBER 0 242642 242642 1047552
STATS 10 652 EMBER 0 237032 237032 1047552
STATS 10 640 EMBER 0 245721 245721 1047552
STATS 10 661 EMBER 0 235659 235659 1047552
STATS 10 565 EMBER 0 236000 236000 1047552
STATS 10 562 EMBER 0 243729 243729 1047552
STATS 10 556 EMBER 0 237505 237505 1047552
STATS 10 114 EMBER 0 243826 243826 1047552
STATS 10 116 EMBER 0 237981 237981 1047552
STATS 10 2 EMBER 0 244451 244451 1047552
STATS 10 18 EMBER 0 243766 243766 1047552
STATS 10 14 EMBER 0 242547 242547 1047552
STATS 10 484 EMBER 0 239744 239744 1047552
STATS 10 487 EMBER 0 237487 237487 1047552
STATS 10 490 EMBER 0 236306 236306 1047552
STATS 10 326 EMBER 0 237117 237117 1047552
STATS 10 307 EMBER 0 239993 239993 1047552
STATS 10 328 EMBER 0 234220 234220 1047552
STATS 10 865 EMBER 0 245631 245631 1047552
STATS 10 853 EMBER 0 235671 235671 1047552
STATS 10 850 EMBER 0 243360 243360 1047552
STATS 10 847 EMBER 0 244161 244161 1047552
STATS 10 859 EMBER 0 234916 234916 1047552
STATS 10 397 EMBER 0 238685 238685 1047552
STATS 10 403 EMBER 0 240297 240297 1047552
STATS 10 412 EMBER 0 238308 238308 1047552
STATS 10 415 EMBER 0 242481 242481 1047552
STATS 10 419 EMBER 0 242626 242626 1047552
STATS 10 580 EMBER 0 239390 239390 1047552
STATS 10 590 EMBER 0 242342 242342 1047552
STATS 10 256 EMBER 0 245927 245927 1047552
STATS 10 262 EMBER 0 237302 237302 1047552
STATS 10 246 EMBER 0 234992 234992 1047552
STATS 10 240 EMBER 0 246122 246122 1047552
STATS 10 832 EMBER 0 246008 246008 1047552
STATS 10 815 EMBER 0 243985 243985 1047552
STATS 10 839 EMBER 0 236937 236937 1047552
STATS 10 745 EMBER 0 235506 235506 1047552
STATS 10 737 EMBER 0 245083 245083 1047552
STATS 10 746 EMBER 0 235418 235418 1047552
STATS 10 742 EMBER 0 237077 237077 1047552
STATS 10 734 EMBER 0 240694 240694 1047552
STATS 10 46 EMBER 0 242539 242539 1047552
STATS 10 78 EMBER 0 242630 242630 1047552
STATS 10 52 EMBER 0 238008 238008 1047552
STATS 10 142 EMBER 0 242532 242532 1047552
STATS 10 126 EMBER 0 241595 241595 1047552
STATS 10 694 EMBER 0 234803 234803 1047552
STATS 10 712 EMBER 0 234371 234371 1047552
STATS 10 697 EMBER 0 233413 233413 1047552
STATS 10 718 EMBER 0 241913 241913 1047552
STATS 10 541 EMBER 0 240240 240240 1047552
STATS 10 539 EMBER 0 235536 235536 1047552
STATS 10 526 EMBER 0 242582 242582 1047552
STATS 10 536 EMBER 0 233972 233972 1047552
STATS 10 518 EMBER 0 238023 238023 1047552
STATS 10 788 EMBER 0 237512 237512 1047552
STATS 10 811 EMBER 0 235281 235281 1047552
STATS 10 796 EMBER 0 237799 237799 1047552
STATS 10 961 EMBER 0 246077 246077 1047552
STATS 10 958 EMBER 0 241649 241649 1047552
STATS 10 940 EMBER 0 237732 237732 1047552
STATS 10 172 EMBER 0 237389 237389 1047552
STATS 10 188 EMBER 0 238661 238661 1047552
STATS 10 1009 EMBER 0 246267 246267 1047552
STATS 10 998 EMBER 0 238004 238004 1047552
STATS 10 994 EMBER 0 244494 244494 1047552
STATS 10 682 EMBER 0 235600 235600 1047552
STATS 10 673 EMBER 0 245208 245208 1047552
STATS 10 664 EMBER 0 233636 233636 1047552
STATS 10 670 EMBER 0 240901 240901 1047552
STATS 10 775 EMBER 0 236499 236499 1047552
STATS 10 781 EMBER 0 237989 237989 1047552
STATS 10 757 EMBER 0 235468 235468 1047552
STATS 10 214 EMBER 0 235090 235090 1047552
STATS 10 200 EMBER 0 234759 234759 1047552
STATS 10 204 EMBER 0 237341 237341 1047552
STATS 10 208 EMBER 0 246154 246154 1047552
STATS 10 407 EMBER 0 233486 233486 1047552
STATS 10 410 EMBER 0 234639 234639 1047552
STATS 10 401 EMBER 0 246069 246069 1047552
STATS 10 602 EMBER 0 234712 234712 1047552
STATS 10 599 EMBER 0 233530 233530 1047552
STATS 10 578 EMBER 0 244239 244239 1047552
STATS 10 587 EMBER 0 235833 235833 1047552
STATS 10 269 EMBER 0 238347 238347 1047552
STATS 10 266 EMBER 0 235710 235710 1047552
STATS 10 272 EMBER 0 246042 246042 1047552
STATS 10 836 EMBER 0 239187 239187 1047552
STATS 10 821 EMBER 0 235544 235544 1047552
STATS 10 725 EMBER 0 235461 235461 1047552
STATS 10 740 EMBER 0 238885 238885 1047552
STATS 10 731 EMBER 0 234665 234665 1047552
STATS 10 752 EMBER 0 245589 245589 1047552
STATS 10 70 EMBER 0 238077 238077 1047552
STATS 10 60 EMBER 0 238731 238731 1047552
STATS 10 128 EMBER 0 246667 246667 1047552
STATS 10 144 EMBER 0 246557 246557 1047552
STATS 10 698 EMBER 0 234448 234448 1047552
STATS 10 710 EMBER 0 237124 237124 1047552
STATS 10 704 EMBER 0 245601 245601 1047552
STATS 10 716 EMBER 0 236805 236805 1047552
STATS 10 722 EMBER 0 242973 242973 1047552
STATS 10 533 EMBER 0 236071 236071 1047552
STATS 10 515 EMBER 0 243010 243010 1047552
STATS 10 524 EMBER 0 237547 237547 1047552
STATS 10 542 EMBER 0 241714 241714 1047552
STATS 10 803 EMBER 0 241983 241983 1047552
STATS 10 785 EMBER 0 245287 245287 1047552
STATS 10 791 EMBER 0 232998 232998 1047552
STATS 10 934 EMBER 0 238170 238170 1047552
STATS 10 949 EMBER 0 236223 236223 1047552
STATS 10 947 EMBER 0 240717 240717 1047552
STATS 10 196 EMBER 0 239419 239419 1047552
STATS 10 192 EMBER 0 246037 246037 1047552
STATS 10 164 EMBER 0 239553 239553 1047552
STATS 10 176 EMBER 0 246391 246391 1047552
STATS 10 1001 EMBER 0 236205 236205 1047552
STATS 10 1022 EMBER 0 241580 241580 1047552
STATS 10 1013 EMBER 0 236041 236041 1047552
STATS 10 1019 EMBER 0 235485 235485 1047552
STATS 10 1016 EMBER 0 233945 233945 1047552
STATS 10 667 EMBER 0 234824 234824 1047552
STATS 10 688 EMBER 0 245656 245656 1047552
STATS 10 770 EMBER 0 243536 243536 1047552
STATS 10 230 EMBER 0 237403 237403 1047552
STATS 10 218 EMBER 0 234793 234793 1047552
STATS 10 232 EMBER 0 234597 234597 1047552
STATS 10 220 EMBER 0 238463 238463 1047552
STATS 10 913 EMBER 0 246301 246301 1047552
STATS 10 629 EMBER 0 235722 235722 1047552
STATS 10 605 EMBER 0 239676 239676 1047552
STATS 10 287 EMBER 0 242552 242552 1047552
STATS 10 284 EMBER 0 238293 238293 1047552
STATS 10 446 EMBER 0 241437 241437 1047552
STATS 10 449 EMBER 0 245867 245867 1047552
STATS 10 367 EMBER 0 244369 244369 1047552
STATS 10 377 EMBER 0 233348 233348 1047552
STATS 10 470 EMBER 0 235238 235238 1047552
STATS 10 464 EMBER 0 246574 246574 1047552
STATS 10 356 EMBER 0 239040 239040 1047552
STATS 10 344 EMBER 0 233294 233294 1047552
STATS 10 902 EMBER 0 238020 238020 1047552
STATS 10 899 EMBER 0 242813 242813 1047552
STATS 10 893 EMBER 0 239702 239702 1047552
STATS 10 968 EMBER 0 235249 235249 1047552
STATS 10 986 EMBER 0 235036 235036 1047552
STATS 10 980 EMBER 0 238151 238151 1047552
STATS 10 965 EMBER 0 238341 238341 1047552
STATS 10 634 EMBER 0 234580 234580 1047552
STATS 10 655 EMBER 0 244109 244109 1047552
STATS 10 644 EMBER 0 239021 239021 1047552
STATS 10 548 EMBER 0 239695 239695 1047552
STATS 10 569 EMBER 0 233977 233977 1047552
STATS 10 545 EMBER 0 246052 246052 1047552
STATS 10 554 EMBER 0 236211 236211 1047552
STATS 10 92 EMBER 0 238793 238793 1047552
STATS 10 88 EMBER 0 233959 233959 1047552
STATS 10 93 EMBER 0 240139 240139 1047552
STATS 10 82 EMBER 0 243782 243782 1047552
STATS 10 34 EMBER 0 244491 244491 1047552
STATS 10 511 EMBER 0 242937 242937 1047552
STATS 10 508 EMBER 0 238860 238860 1047552
STATS 10 319 EMBER 0 242253 242253 1047552
STATS 10 856 EMBER 0 233604 233604 1047552
STATS 10 863 EMBER 0 242113 242113 1047552
STATS 10 872 EMBER 0 234872 234872 1047552
STATS 10 252 EMBER 0 238417 238417 1047552
STATS 10 248 EMBER 0 233598 233598 1047552
STATS 10 260 EMBER 0 239285 239285 1047552
STATS 10 827 EMBER 0 234731 234731 1047552
STATS 10 842 EMBER 0 235743 235743 1047552
STATS 10 824 EMBER 0 233495 233495 1047552
STATS 10 818 EMBER 0 243054 243054 1047552
STATS 10 727 EMBER 0 233115 233115 1047552
STATS 10 748 EMBER 0 236751 236751 1047552
STATS 10 743 EMBER 0 236528 236528 1047552
STATS 10 56 EMBER 0 233946 233946 1047552
STATS 10 48 EMBER 0 246559 246559 1047552
STATS 10 72 EMBER 0 235253 235253 1047552
STATS 10 64 EMBER 0 246607 246607 1047552
STATS 10 148 EMBER 0 238031 238031 1047552
STATS 10 156 EMBER 0 238739 238739 1047552
STATS 10 695 EMBER 0 233253 233253 1047552
STATS 10 713 EMBER 0 235523 235523 1047552
STATS 10 707 EMBER 0 241967 241967 1047552
STATS 10 719 EMBER 0 243919 243919 1047552
STATS 10 527 EMBER 0 244807 244807 1047552
STATS 10 800 EMBER 0 245763 245763 1047552
STATS 10 808 EMBER 0 234360 234360 1047552
STATS 10 953 EMBER 0 234051 234051 1047552
STATS 10 938 EMBER 0 236512 236512 1047552
STATS 10 184 EMBER 0 233917 233917 1047552
STATS 10 168 EMBER 0 234878 234878 1047552
STATS 10 160 EMBER 0 246297 246297 1047552
STATS 10 1007 EMBER 0 244703 244703 1047552
STATS 10 1003 EMBER 0 236033 236033 1047552
STATS 10 1010 EMBER 0 243762 243762 1047552
STATS 10 995 EMBER 0 242874 242874 1047552
STATS 10 1004 EMBER 0 237458 237458 1047552
STATS 10 677 EMBER 0 237633 237633 1047552
STATS 10 692 EMBER 0 237823 237823 1047552
STATS 10 680 EMBER 0 234523 234523 1047552
STATS 10 773 EMBER 0 237416 237416 1047552
STATS 10 764 EMBER 0 237746 237746 1047552
STATS 10 779 EMBER 0 235158 235158 1047552
STATS 10 236 EMBER 0 237205 237205 1047552
STATS 10 212 EMBER 0 237812 237812 1047552
STATS 10 928 EMBER 0 246671 246671 1047552
STATS 10 919 EMBER 0 234030 234030 1047552
STATS 10 911 EMBER 0 244883 244883 1047552
STATS 10 611 EMBER 0 242346 242346 1047552
STATS 10 608 EMBER 0 245889 245889 1047552
STATS 10 617 EMBER 0 235842 235842 1047552
STATS 10 620 EMBER 0 237180 237180 1047552
STATS 10 302 EMBER 0 241998 241998 1047552
STATS 10 278 EMBER 0 234906 234906 1047552
STATS 10 296 EMBER 0 234386 234386 1047552
STATS 10 440 EMBER 0 233724 233724 1047552
STATS 10 431 EMBER 0 244611 244611 1047552
STATS 10 437 EMBER 0 235945 235945 1047552
STATS 10 371 EMBER 0 240366 240366 1047552
STATS 10 380 EMBER 0 238165 238165 1047552
STATS 10 386 EMBER 0 243975 243975 1047552
STATS 10 475 EMBER 0 235472 235472 1047552
STATS 10 479 EMBER 0 242820 242820 1047552
STATS 10 482 EMBER 0 244460 244460 1047552
Nic 334 received 1093587 bytes
STATS 10 896 EMBER 0 246550 246550 1047552
STATS 10 875 EMBER 0 235873 235873 1047552
STATS 10 880 EMBER 0 246320 246320 1047552
Nic 973 received 1093587 bytes
Nic 967 received 1093587 bytes
STATS 10 647 EMBER 0 236819 236819 1047552
STATS 10 659 EMBER 0 240090 240090 1047552
STATS 10 638 EMBER 0 241038 241038 1047552
STATS 10 551 EMBER 0 237534 237534 1047552
STATS 10 572 EMBER 0 238744 238744 1047552
STATS 10 560 EMBER 0 246534 246534 1047552
STATS 10 96 EMBER 0 246753 246753 1047552
STATS 10 101 EMBER 0 238357 238357 1047552
STATS 10 108 EMBER 0 237549 237549 1047552
STATS 10 84 EMBER 0 238040 238040 1047552
STATS 10 36 EMBER 0 239839 239839 1047552
STATS 10 5 EMBER 0 238192 238192 1047552
STATS 10 20 EMBER 0 238014 238014 1047552
STATS 10 28 EMBER 0 238719 238719 1047552
STATS 10 8 EMBER 0 235117 235117 1047552
STATS 10 497 EMBER 0 246334 246334 1047552
STATS 10 494 EMBER 0 242529 242529 1047552
STATS 10 506 EMBER 0 234982 234982 1047552
STATS 10 313 EMBER 0 233276 233276 1047552
STATS 10 305 EMBER 0 245707 245707 1047552
STATS 10 323 EMBER 0 241920 241920 1047552
STATS 10 869 EMBER 0 237899 237899 1047552
STATS 10 845 EMBER 0 238216 238216 1047552
STATS 10 395 EMBER 0 235702 235702 1047552
STATS 10 422 EMBER 0 237640 237640 1047552
STATS 10 398 EMBER 0 242328 242328 1047552
STATS 10 404 EMBER 0 237809 237809 1047552
STATS 10 413 EMBER 0 239698 239698 1047552
STATS 10 593 EMBER 0 245729 245729 1047552
STATS 10 584 EMBER 0 234883 234883 1047552
STATS 10 866 EMBER 0 244169 244169 1047552
STATS 10 854 EMBER 0 235006 235006 1047552
STATS 10 416 EMBER 0 246346 246346 1047552
STATS 10 596 EMBER 0 237970 237970 1047552
STATS 10 575 EMBER 0 242813 242813 1047552
STATS 10 581 EMBER 0 238028 238028 1047552
STATS 10 257 EMBER 0 245334 245334 1047552
STATS 10 263 EMBER 0 236837 236837 1047552
STATS 10 244 EMBER 0 237818 237818 1047552
STATS 10 241 EMBER 0 245835 245835 1047552
STATS 10 253 EMBER 0 239821 239821 1047552
STATS 10 249 EMBER 0 233611 233611 1047552
STATS 10 830 EMBER 0 240787 240787 1047552
STATS 10 833 EMBER 0 245306 245306 1047552
STATS 10 728 EMBER 0 233523 233523 1047552
STATS 10 749 EMBER 0 238099 238099 1047552
STATS 10 40 EMBER 0 235142 235142 1047552
STATS 10 44 EMBER 0 237420 237420 1047552
STATS 10 76 EMBER 0 237498 237498 1047552
STATS 10 136 EMBER 0 235322 235322 1047552
STATS 10 132 EMBER 0 239786 239786 1047552
STATS 10 152 EMBER 0 233880 233880 1047552
STATS 10 120 EMBER 0 233879 233879 1047552
STATS 10 140 EMBER 0 237465 237465 1047552
STATS 10 124 EMBER 0 238782 238782 1047552
STATS 10 129 EMBER 0 245973 245973 1047552
Nic 721 received 1093587 bytes
Nic 715 received 1093587 bytes
Nic 541 received 1093587 bytes
Nic 532 received 1093587 bytes
STATS 10 805 EMBER 0 237444 237444 1047552
STATS 10 809 EMBER 0 235553 235553 1047552
STATS 10 797 EMBER 0 239234 239234 1047552
STATS 10 812 EMBER 0 236780 236780 1047552
STATS 10 806 EMBER 0 237215 237215 1047552
STATS 10 944 EMBER 0 246726 246726 1047552
STATS 10 956 EMBER 0 238850 238850 1047552
STATS 10 962 EMBER 0 244607 244607 1047552
STATS 10 959 EMBER 0 242868 242868 1047552
STATS 10 180 EMBER 0 237998 237998 1047552
STATS 10 173 EMBER 0 238686 238686 1047552
Nic 1015 received 1093587 bytes
Nic 1006 received 1093587 bytes
STATS 10 683 EMBER 0 235350 235350 1047552
STATS 10 674 EMBER 0 243694 243694 1047552
STATS 10 761 EMBER 0 233270 233270 1047552
STATS 10 767 EMBER 0 241992 241992 1047552
STATS 10 755 EMBER 0 239867 239867 1047552
STATS 10 201 EMBER 0 235785 235785 1047552
STATS 10 205 EMBER 0 238484 238484 1047552
STATS 10 209 EMBER 0 245830 245830 1047552
STATS 10 228 EMBER 0 239396 239396 1047552
STATS 10 920 EMBER 0 234009 234009 1047552
STATS 10 917 EMBER 0 236293 236293 1047552
STATS 10 905 EMBER 0 236277 236277 1047552
STATS 10 632 EMBER 0 233713 233713 1047552
STATS 10 623 EMBER 0 244213 244213 1047552
STATS 10 626 EMBER 0 243229 243229 1047552
Nic 298 received 1093587 bytes
Nic 277 received 1093587 bytes
Nic 430 received 1093587 bytes
Nic 427 received 1093587 bytes
STATS 10 365 EMBER 0 238460 238460 1047552
STATS 10 382 EMBER 0 241015 241015 1047552
STATS 10 461 EMBER 0 238768 238768 1047552
STATS 10 457 EMBER 0 236081 236081 1047552
STATS 10 467 EMBER 0 240473 240473 1047552
Nic 337 received 1093587 bytes
Nic 361 received 1093587 bytes
Nic 346 received 1093587 bytes
Nic 355 received 1093587 bytes
Nic 349 received 1093587 bytes
STATS 10 878 EMBER 0 242385 242385 1047552
STATS 10 881 EMBER 0 246022 246022 1047552
Nic 970 received 1093587 bytes
Nic 988 received 1093587 bytes
Nic 985 received 1093587 bytes
STATS 10 650 EMBER 0 235770 235770 1047552
STATS 10 566 EMBER 0 235191 235191 1047552
STATS 10 563 EMBER 0 240457 240457 1047552
STATS 10 557 EMBER 0 238830 238830 1047552
STATS 10 112 EMBER 0 246595 246595 1047552
STATS 10 117 EMBER 0 235986 235986 1047552
STATS 10 104 EMBER 0 235407 235407 1047552
STATS 10 89 EMBER 0 233951 233951 1047552
STATS 10 24 EMBER 0 233956 233956 1047552
STATS 10 0 EMBER 0 246504 246504 1047552
STATS 10 16 EMBER 0 246565 246565 1047552
STATS 10 500 EMBER 0 238143 238143 1047552
STATS 10 485 EMBER 0 238234 238234 1047552
STATS 10 488 EMBER 0 235184 235184 1047552
STATS 10 311 EMBER 0 233242 233242 1047552
STATS 10 331 EMBER 0 235363 235363 1047552
Nic 826 received 1093587 bytes
Nic 745 received 1093587 bytes
Nic 724 received 1093587 bytes
STATS 10 53 EMBER 0 235994 235994 1047552
STATS 10 68 EMBER 0 239877 239877 1047552
STATS 10 145 EMBER 0 246236 246236 1047552
STATS 10 149 EMBER 0 236027 236027 1047552
Nic 694 received 1093587 bytes
Nic 703 received 1093587 bytes
Nic 718 received 1093587 bytes
Nic 700 received 1093587 bytes
Nic 517 received 1093587 bytes
Nic 520 received 1093587 bytes
Nic 787 received 1093587 bytes
Nic 793 received 1093587 bytes
STATS 10 941 EMBER 0 238904 238904 1047552
STATS 10 935 EMBER 0 237747 237747 1047552
STATS 10 950 EMBER 0 235430 235430 1047552
STATS 10 189 EMBER 0 240018 240018 1047552
STATS 10 197 EMBER 0 237743 237743 1047552
STATS 10 193 EMBER 0 245595 245595 1047552
STATS 10 165 EMBER 0 238021 238021 1047552
STATS 10 177 EMBER 0 246079 246079 1047552
STATS 10 185 EMBER 0 233848 233848 1047552
STATS 10 169 EMBER 0 235894 235894 1047552
STATS 10 161 EMBER 0 245701 245701 1047552
STATS 10 181 EMBER 0 236057 236057 1047552
Nic 1021 received 1093587 bytes
Nic 1012 received 1093587 bytes
STATS 10 665 EMBER 0 233466 233466 1047552
STATS 10 671 EMBER 0 242225 242225 1047552
STATS 10 668 EMBER 0 237956 237956 1047552
STATS 10 689 EMBER 0 245369 245369 1047552
STATS 10 776 EMBER 0 234296 234296 1047552
STATS 10 782 EMBER 0 241831 241831 1047552
STATS 10 216 EMBER 0 233832 233832 1047552
STATS 10 233 EMBER 0 235707 235707 1047552
STATS 10 908 EMBER 0 237744 237744 1047552
Nic 613 received 1093587 bytes
Nic 283 received 1093587 bytes
Nic 295 received 1093587 bytes
Nic 445 received 1093587 bytes
Nic 451 received 1093587 bytes
Nic 439 received 1093587 bytes
Nic 436 received 1093587 bytes
STATS 10 373 EMBER 0 235815 235815 1047552
STATS 10 368 EMBER 0 246128 246128 1047552
STATS 10 383 EMBER 0 242414 242414 1047552
STATS 10 476 EMBER 0 238752 238752 1047552
STATS 10 458 EMBER 0 236197 236197 1047552
Nic 343 received 1093587 bytes
Nic 340 received 1093587 bytes
Nic 898 received 1093587 bytes
Nic 976 received 1093587 bytes
Nic 964 received 1093587 bytes
STATS 10 653 EMBER 0 238279 238279 1047552
STATS 10 641 EMBER 0 245286 245286 1047552
STATS 10 662 EMBER 0 234857 234857 1047552
STATS 10 635 EMBER 0 234927 234927 1047552
Nic 559 received 1093587 bytes
Nic 556 received 1093587 bytes
STATS 10 80 EMBER 0 246597 246597 1047552
STATS 10 97 EMBER 0 246231 246231 1047552
STATS 10 109 EMBER 0 238809 238809 1047552
STATS 10 85 EMBER 0 236007 236007 1047552
STATS 10 12 EMBER 0 237427 237427 1047552
STATS 10 32 EMBER 0 246511 246511 1047552
STATS 10 37 EMBER 0 238193 238193 1047552
STATS 10 21 EMBER 0 236028 236028 1047552
STATS 10 491 EMBER 0 236047 236047 1047552
STATS 10 512 EMBER 0 246630 246630 1047552
STATS 10 308 EMBER 0 237463 237463 1047552
STATS 10 329 EMBER 0 235289 235289 1047552
STATS 10 320 EMBER 0 245781 245781 1047552
STATS 10 314 EMBER 0 234484 234484 1047552
STATS 10 851 EMBER 0 240159 240159 1047552
STATS 10 848 EMBER 0 246053 246053 1047552
STATS 10 860 EMBER 0 238038 238038 1047552
STATS 10 857 EMBER 0 233481 233481 1047552
Nic 409 received 1093587 bytes
Nic 592 received 1093587 bytes
Nic 586 received 1093587 bytes
Nic 574 received 1093587 bytes
STATS 10 245 EMBER 0 235836 235836 1047552
Nic 460 received 1093587 bytes
Nic 466 received 1093587 bytes
Nic 352 received 1093587 bytes
Nic 358 received 1093587 bytes
Nic 880 received 1093587 bytes
Nic 892 received 1093587 bytes
Nic 991 received 1093587 bytes
Nic 979 received 1093587 bytes
Nic 982 received 1093587 bytes
STATS 10 656 EMBER 0 245687 245687 1047552
Nic 550 received 1093587 bytes
Nic 568 received 1093587 bytes
Nic 547 received 1093587 bytes
Nic 571 received 1093587 bytes
Nic 562 received 1093587 bytes
STATS 10 113 EMBER 0 246269 246269 1047552
STATS 10 105 EMBER 0 236484 236484 1047552
STATS 10 81 EMBER 0 246288 246288 1047552
STATS 10 29 EMBER 0 240078 240078 1047552
STATS 10 9 EMBER 0 236204 236204 1047552
STATS 10 25 EMBER 0 233918 233918 1047552
STATS 10 1 EMBER 0 245920 245920 1047552
STATS 10 509 EMBER 0 240183 240183 1047552
STATS 10 332 EMBER 0 236826 236826 1047552
Nic 859 received 1093587 bytes
Nic 871 received 1093587 bytes
Nic 397 received 1093587 bytes
Nic 580 received 1093587 bytes
Nic 595 received 1093587 bytes
Nic 598 received 1093587 bytes
Nic 589 received 1093587 bytes
Nic 601 received 1093587 bytes
Nic 251 received 1093587 bytes
Nic 247 received 1093587 bytes
Nic 835 received 1093587 bytes
Nic 820 received 1093587 bytes
Nic 838 received 1093587 bytes
Nic 730 received 1093587 bytes
Nic 736 received 1093587 bytes
STATS 10 61 EMBER 0 240094 240094 1047552
STATS 10 57 EMBER 0 233922 233922 1047552
STATS 10 49 EMBER 0 246272 246272 1047552
STATS 10 73 EMBER 0 236367 236367 1047552
STATS 10 157 EMBER 0 240069 240069 1047552
STATS 10 137 EMBER 0 236289 236289 1047552
STATS 10 133 EMBER 0 238273 238273 1047552
Nic 712 received 1093587 bytes
Nic 538 received 1093587 bytes
Nic 523 received 1093587 bytes
Nic 535 received 1093587 bytes
Nic 802 received 1093587 bytes
Nic 808 received 1093587 bytes
Nic 790 received 1093587 bytes
Nic 799 received 1093587 bytes
Nic 934 received 1093587 bytes
Nic 163 received 1093587 bytes
Nic 195 received 1093587 bytes
Nic 997 received 1093587 bytes
Nic 676 received 1093587 bytes
STATS 10 758 EMBER 0 234775 234775 1047552
STATS 10 221 EMBER 0 239870 239870 1047552
STATS 10 237 EMBER 0 238488 238488 1047552
STATS 10 213 EMBER 0 235964 235964 1047552
STATS 10 926 EMBER 0 241407 241407 1047552
STATS 10 932 EMBER 0 239992 239992 1047552
STATS 10 914 EMBER 0 243947 243947 1047552
Nic 631 received 1093587 bytes
Nic 280 received 1093587 bytes
Nic 292 received 1093587 bytes
Nic 442 received 1093587 bytes
Nic 424 received 1093587 bytes
Nic 448 received 1093587 bytes
Nic 433 received 1093587 bytes
STATS 10 374 EMBER 0 234896 234896 1047552
Nic 739 received 1093587 bytes
Nic 727 received 1093587 bytes
Nic 742 received 1093587 bytes
Nic 733 received 1093587 bytes
STATS 10 65 EMBER 0 246100 246100 1047552
STATS 10 153 EMBER 0 233880 233880 1047552
Nic 697 received 1093587 bytes
Nic 709 received 1093587 bytes
Nic 706 received 1093587 bytes
Nic 526 received 1093587 bytes
Nic 529 received 1093587 bytes
Nic 514 received 1093587 bytes
Nic 784 received 1093587 bytes
Nic 811 received 1093587 bytes
Nic 805 received 1093587 bytes
Nic 796 received 1093587 bytes
Nic 946 received 1093587 bytes
Nic 187 received 1093587 bytes
Nic 171 received 1093587 bytes
Nic 1007 received 1093587 bytes
Nic 664 received 1093587 bytes
Nic 691 received 1093587 bytes
Nic 754 received 1093587 bytes
STATS 10 229 EMBER 0 237695 237695 1047552
STATS 10 217 EMBER 0 233677 233677 1047552
STATS 10 929 EMBER 0 246122 246122 1047552
STATS 10 923 EMBER 0 235287 235287 1047552
Nic 628 received 1093587 bytes
Nic 625 received 1093587 bytes
Nic 607 received 1093587 bytes
Nic 604 received 1093587 bytes
Nic 622 received 1093587 bytes
Nic 610 received 1093587 bytes
Nic 289 received 1093587 bytes
Nic 286 received 1093587 bytes
Nic 301 received 1093587 bytes
Nic 431 received 1093587 bytes
Nic 385 received 1093587 bytes
Nic 472 received 1093587 bytes
Nic 454 received 1093587 bytes
Nic 338 received 1093587 bytes
Nic 895 received 1093587 bytes
Nic 974 received 1093587 bytes
Nic 658 received 1093587 bytes
Nic 565 received 1093587 bytes
Nic 553 received 1093587 bytes
Nic 119 received 1093587 bytes
Nic 91 received 1093587 bytes
STATS 10 17 EMBER 0 246261 246261 1047552
STATS 10 13 EMBER 0 238744 238744 1047552
STATS 10 33 EMBER 0 245960 245960 1047552
Nic 493 received 1093587 bytes
Nic 325 received 1093587 bytes
Nic 847 received 1093587 bytes
Nic 856 received 1093587 bytes
Nic 868 received 1093587 bytes
Nic 394 received 1093587 bytes
Nic 583 received 1093587 bytes
Nic 577 received 1093587 bytes
Nic 243 received 1093587 bytes
Nic 255 received 1093587 bytes
Nic 841 received 1093587 bytes
Nic 339 received 1093587 bytes
Nic 886 received 1093587 bytes
Nic 975 received 1093587 bytes
Nic 637 received 1093587 bytes
Nic 652 received 1093587 bytes
Nic 544 received 1093587 bytes
Nic 95 received 1093587 bytes
Nic 115 received 1093587 bytes
Nic 99 received 1093587 bytes
Nic 39 received 1093587 bytes
Nic 27 received 1093587 bytes
Nic 35 received 1093587 bytes
Nic 502 received 1093587 bytes
Nic 319 received 1093587 bytes
Nic 307 received 1093587 bytes
Nic 313 received 1093587 bytes
Nic 304 received 1093587 bytes
Nic 844 received 1093587 bytes
Nic 421 received 1093587 bytes
Nic 593 received 1093587 bytes
Nic 265 received 1093587 bytes
Nic 262 received 1093587 bytes
Nic 271 received 1093587 bytes
Nic 823 received 1093587 bytes
Nic 814 received 1093587 bytes
Nic 748 received 1093587 bytes
Nic 751 received 1093587 bytes
STATS 10 41 EMBER 0 236221 236221 1047552
STATS 10 45 EMBER 0 238726 238726 1047552
STATS 10 121 EMBER 0 233882 233882 1047552
STATS 10 141 EMBER 0 238691 238691 1047552
Nic 719 received 1093587 bytes
Nic 533 received 1093587 bytes
Nic 803 received 1093587 bytes
Nic 955 received 1093587 bytes
Nic 191 received 1093587 bytes
Nic 199 received 1093587 bytes
Nic 183 received 1093587 bytes
Nic 1008 received 1093587 bytes
Nic 679 received 1093587 bytes
Nic 670 received 1093587 bytes
Nic 763 received 1093587 bytes
Nic 223 received 1093587 bytes
Nic 215 received 1093587 bytes
Nic 922 received 1093587 bytes
Nic 919 received 1093587 bytes
Nic 619 received 1093587 bytes
Nic 616 received 1093587 bytes
Nic 293 received 1093587 bytes
Nic 432 received 1093587 bytes
Nic 376 received 1093587 bytes
Nic 382 received 1093587 bytes
Nic 379 received 1093587 bytes
Nic 469 received 1093587 bytes
Nic 463 received 1093587 bytes
Nic 481 received 1093587 bytes
Nic 446 received 1093587 bytes
Nic 391 received 1093587 bytes
Nic 478 received 1093587 bytes
Nic 356 received 1093587 bytes
Nic 877 received 1093587 bytes
Nic 968 received 1093587 bytes
Nic 661 received 1093587 bytes
Nic 551 received 1093587 bytes
Nic 111 received 1093587 bytes
Nic 87 received 1093587 bytes
Nic 11 received 1093587 bytes
Nic 3 received 1093587 bytes
Nic 499 received 1093587 bytes
Nic 490 received 1093587 bytes
Nic 496 received 1093587 bytes
Nic 328 received 1093587 bytes
Nic 853 received 1093587 bytes
Nic 406 received 1093587 bytes
Nic 403 received 1093587 bytes
Nic 594 received 1093587 bytes
Nic 259 received 1093587 bytes
Nic 829 received 1093587 bytes
Nic 817 received 1093587 bytes
Nic 737 received 1093587 bytes
Nic 749 received 1093587 bytes
STATS 10 77 EMBER 0 238763 238763 1047552
STATS 10 69 EMBER 0 238210 238210 1047552
STATS 10 125 EMBER 0 240086 240086 1047552
Nic 720 received 1093587 bytes
Nic 534 received 1093587 bytes
Nic 804 received 1093587 bytes
Nic 958 received 1093587 bytes
Nic 167 received 1093587 bytes
Nic 179 received 1093587 bytes
Nic 1009 received 1093587 bytes
Nic 682 received 1093587 bytes
Nic 781 received 1093587 bytes
Nic 211 received 1093587 bytes
Nic 235 received 1093587 bytes
Nic 227 received 1093587 bytes
Nic 931 received 1093587 bytes
Nic 614 received 1093587 bytes
Nic 294 received 1093587 bytes
Nic 207 received 1093587 bytes
Nic 203 received 1093587 bytes
Nic 925 received 1093587 bytes
Nic 913 received 1093587 bytes
Nic 916 received 1093587 bytes
Nic 904 received 1093587 bytes
Nic 615 received 1093587 bytes
Nic 274 received 1093587 bytes
Nic 447 received 1093587 bytes
Nic 388 received 1093587 bytes
Nic 370 received 1093587 bytes
Nic 475 received 1093587 bytes
Nic 457 received 1093587 bytes
Nic 335 received 1093587 bytes
Nic 889 received 1093587 bytes
Nic 969 received 1093587 bytes
Nic 653 received 1093587 bytes
Nic 552 received 1093587 bytes
Nic 103 received 1093587 bytes
Nic 83 received 1093587 bytes
Nic 107 received 1093587 bytes
Nic 19 received 1093587 bytes
Nic 15 received 1093587 bytes
Nic 23 received 1093587 bytes
Nic 508 received 1093587 bytes
Nic 484 received 1093587 bytes
Nic 505 received 1093587 bytes
Nic 331 received 1093587 bytes
Nic 316 received 1093587 bytes
Nic 865 received 1093587 bytes
Nic 418 received 1093587 bytes
Nic 587 received 1093587 bytes
Nic 256 received 1093587 bytes
Nic 832 received 1093587 bytes
Nic 738 received 1093587 bytes
Nic 75 received 1093587 bytes
Nic 155 received 1093587 bytes
Nic 151 received 1093587 bytes
Nic 713 received 1093587 bytes
Nic 518 received 1093587 bytes
Nic 791 received 1093587 bytes
Nic 943 received 1093587 bytes
Nic 961 received 1093587 bytes
Nic 175 received 1093587 bytes
Nic 1003 received 1093587 bytes
Nic 688 received 1093587 bytes
Nic 685 received 1093587 bytes
Nic 772 received 1093587 bytes
Nic 268 received 1093587 bytes
Nic 836 received 1093587 bytes
Nic 746 received 1093587 bytes
Nic 43 received 1093587 bytes
Nic 67 received 1093587 bytes
Nic 55 received 1093587 bytes
Nic 127 received 1093587 bytes
Nic 143 received 1093587 bytes
Nic 131 received 1093587 bytes
Nic 714 received 1093587 bytes
Nic 542 received 1093587 bytes
Nic 792 received 1093587 bytes
Nic 937 received 1093587 bytes
Nic 192 received 1093587 bytes
Nic 1010 received 1093587 bytes
Nic 673 received 1093587 bytes
Nic 667 received 1093587 bytes
Nic 757 received 1093587 bytes
Nic 219 received 1093587 bytes
Nic 910 received 1093587 bytes
Nic 632 received 1093587 bytes
Nic 278 received 1093587 bytes
Nic 428 received 1093587 bytes
Nic 373 received 1093587 bytes
Nic 364 received 1093587 bytes
Nic 470 received 1093587 bytes
Nic 336 received 1093587 bytes
Nic 874 received 1093587 bytes
Nic 971 received 1093587 bytes
Nic 638 received 1093587 bytes
Nic 569 received 1093587 bytes
Nic 112 received 1093587 bytes
Nic 31 received 1093587 bytes
Nic 7 received 1093587 bytes
Nic 487 received 1093587 bytes
Nic 511 received 1093587 bytes
Nic 310 received 1093587 bytes
Nic 322 received 1093587 bytes
Nic 850 received 1093587 bytes
Nic 862 received 1093587 bytes
Nic 400 received 1093587 bytes
Nic 588 received 1093587 bytes
Nic 689 received 1093587 bytes
Nic 764 received 1093587 bytes
Nic 239 received 1093587 bytes
Nic 231 received 1093587 bytes
Nic 928 received 1093587 bytes
Nic 907 received 1093587 bytes
Nic 633 received 1093587 bytes
Nic 284 received 1093587 bytes
Nic 429 received 1093587 bytes
Nic 367 received 1093587 bytes
Nic 471 received 1093587 bytes
Nic 350 received 1093587 bytes
Nic 901 received 1093587 bytes
Nic 989 received 1093587 bytes
Nic 654 received 1093587 bytes
Nic 570 received 1093587 bytes
Nic 113 received 1093587 bytes
Nic 8 received 1093587 bytes
Nic 494 received 1093587 bytes
Nic 326 received 1093587 bytes
Nic 860 received 1093587 bytes
Nic 412 received 1093587 bytes
Nic 584 received 1093587 bytes
Nic 240 received 1093587 bytes
Nic 837 received 1093587 bytes
Nic 750 received 1093587 bytes
Nic 79 received 1093587 bytes
Nic 139 received 1093587 bytes
Nic 159 received 1093587 bytes
Nic 722 received 1093587 bytes
Nic 543 received 1093587 bytes
Nic 785 received 1093587 bytes
Nic 940 received 1093587 bytes
Nic 193 received 1093587 bytes
Nic 1004 received 1093587 bytes
Nic 495 received 1093587 bytes
Nic 327 received 1093587 bytes
Nic 861 received 1093587 bytes
Nic 415 received 1093587 bytes
Nic 585 received 1093587 bytes
Nic 241 received 1093587 bytes
Nic 821 received 1093587 bytes
Nic 747 received 1093587 bytes
Nic 51 received 1093587 bytes
Nic 71 received 1093587 bytes
Nic 147 received 1093587 bytes
Nic 701 received 1093587 bytes
Nic 695 received 1093587 bytes
Nic 539 received 1093587 bytes
Nic 788 received 1093587 bytes
Nic 809 received 1093587 bytes
Nic 812 received 1093587 bytes
Nic 800 received 1093587 bytes
Nic 949 received 1093587 bytes
Nic 194 received 1093587 bytes
Nic 1016 received 1093587 bytes
Nic 690 received 1093587 bytes
Nic 765 received 1093587 bytes
Nic 220 received 1093587 bytes
Nic 923 received 1093587 bytes
Nic 626 received 1093587 bytes
Nic 285 received 1093587 bytes
Nic 452 received 1093587 bytes
Nic 368 received 1093587 bytes
Nic 467 received 1093587 bytes
Nic 353 received 1093587 bytes
Nic 881 received 1093587 bytes
Nic 972 received 1093587 bytes
Nic 655 received 1093587 bytes
Nic 560 received 1093587 bytes
Nic 557 received 1093587 bytes
Nic 114 received 1093587 bytes
Nic 9 received 1093587 bytes
Nic 986 received 1093587 bytes
Nic 980 received 1093587 bytes
Nic 656 received 1093587 bytes
Nic 563 received 1093587 bytes
Nic 108 received 1093587 bytes
Nic 10 received 1093587 bytes
Nic 497 received 1093587 bytes
Nic 308 received 1093587 bytes
Nic 845 received 1093587 bytes
Nic 422 received 1093587 bytes
Nic 599 received 1093587 bytes
Nic 581 received 1093587 bytes
Nic 242 received 1093587 bytes
Nic 822 received 1093587 bytes
Nic 728 received 1093587 bytes
Nic 740 received 1093587 bytes
Nic 47 received 1093587 bytes
Nic 59 received 1093587 bytes
Nic 135 received 1093587 bytes
Nic 698 received 1093587 bytes
Nic 707 received 1093587 bytes
Nic 536 received 1093587 bytes
Nic 794 received 1093587 bytes
Nic 806 received 1093587 bytes
Nic 952 received 1093587 bytes
Nic 196 received 1093587 bytes
Nic 1005 received 1093587 bytes
Nic 677 received 1093587 bytes
Nic 769 received 1093587 bytes
Nic 775 received 1093587 bytes
Nic 221 received 1093587 bytes
Nic 924 received 1093587 bytes
Nic 627 received 1093587 bytes
Nic 275 received 1093587 bytes
Nic 453 received 1093587 bytes
Nic 365 received 1093587 bytes
Nic 468 received 1093587 bytes
Nic 351 received 1093587 bytes
Nic 899 received 1093587 bytes
Nic 309 received 1093587 bytes
Nic 846 received 1093587 bytes
Nic 423 received 1093587 bytes
Nic 575 received 1093587 bytes
Nic 244 received 1093587 bytes
Nic 824 received 1093587 bytes
Nic 725 received 1093587 bytes
Nic 63 received 1093587 bytes
Nic 123 received 1093587 bytes
Nic 710 received 1093587 bytes
Nic 704 received 1093587 bytes
Nic 716 received 1093587 bytes
Nic 530 received 1093587 bytes
Nic 515 received 1093587 bytes
Nic 797 received 1093587 bytes
Nic 944 received 1093587 bytes
Nic 197 received 1093587 bytes
Nic 1000 received 1093587 bytes
Nic 994 received 1093587 bytes
Nic 668 received 1093587 bytes
Nic 766 received 1093587 bytes
Nic 222 received 1093587 bytes
Nic 905 received 1093587 bytes
Nic 620 received 1093587 bytes
Nic 290 received 1093587 bytes
Nic 434 received 1093587 bytes
Nic 366 received 1093587 bytes
Nic 455 received 1093587 bytes
Nic 347 received 1093587 bytes
Nic 900 received 1093587 bytes
Nic 983 received 1093587 bytes
Nic 659 received 1093587 bytes
Nic 561 received 1093587 bytes
Nic 109 received 1093587 bytes
Nic 32 received 1093587 bytes
Nic 498 received 1093587 bytes
Nic 148 received 1093587 bytes
Nic 723 received 1093587 bytes
Nic 519 received 1093587 bytes
Nic 789 received 1093587 bytes
Nic 945 received 1093587 bytes
Nic 198 received 1093587 bytes
Nic 1001 received 1093587 bytes
Nic 669 received 1093587 bytes
Nic 755 received 1093587 bytes
Nic 224 received 1093587 bytes
Nic 906 received 1093587 bytes
Nic 621 received 1093587 bytes
Nic 281 received 1093587 bytes
Nic 443 received 1093587 bytes
Nic 374 received 1093587 bytes
Nic 482 received 1093587 bytes
Nic 341 received 1093587 bytes
Nic 883 received 1093587 bytes
Nic 984 received 1093587 bytes
Nic 662 received 1093587 bytes
Nic 566 received 1093587 bytes
Nic 110 received 1093587 bytes
Nic 12 received 1093587 bytes
Nic 503 received 1093587 bytes
Nic 311 received 1093587 bytes
Nic 872 received 1093587 bytes
Nic 395 received 1093587 bytes
Nic 582 received 1093587 bytes
Nic 248 received 1093587 bytes
Nic 815 received 1093587 bytes
Nic 743 received 1093587 bytes
Nic 52 received 1093587 bytes
Nic 375 received 1093587 bytes
Nic 479 received 1093587 bytes
Nic 359 received 1093587 bytes
Nic 884 received 1093587 bytes
Nic 992 received 1093587 bytes
Nic 965 received 1093587 bytes
Nic 660 received 1093587 bytes
Nic 572 received 1093587 bytes
Nic 96 received 1093587 bytes
Nic 33 received 1093587 bytes
Nic 504 received 1093587 bytes
Nic 312 received 1093587 bytes
Nic 873 received 1093587 bytes
Nic 396 received 1093587 bytes
Nic 576 received 1093587 bytes
Nic 249 received 1093587 bytes
Nic 827 received 1093587 bytes
Nic 734 received 1093587 bytes
Nic 53 received 1093587 bytes
Nic 149 received 1093587 bytes
Nic 702 received 1093587 bytes
Nic 537 received 1093587 bytes
Nic 786 received 1093587 bytes
Nic 935 received 1093587 bytes
Nic 188 received 1093587 bytes
Nic 1022 received 1093587 bytes
Nic 686 received 1093587 bytes
Nic 756 received 1093587 bytes
Nic 200 received 1093587 bytes
Nic 932 received 1093587 bytes
Nic 629 received 1093587 bytes
Nic 302 received 1093587 bytes
Nic 437 received 1093587 bytes
Nic 440 received 1093587 bytes
Nic 896 received 1093587 bytes
Nic 977 received 1093587 bytes
Nic 640 received 1093587 bytes
Nic 634 received 1093587 bytes
Nic 649 received 1093587 bytes
Nic 646 received 1093587 bytes
Nic 558 received 1093587 bytes
Nic 97 received 1093587 bytes
Nic 34 received 1093587 bytes
Nic 506 received 1093587 bytes
Nic 320 received 1093587 bytes
Nic 329 received 1093587 bytes
Nic 866 received 1093587 bytes
Nic 404 received 1093587 bytes
Nic 410 received 1093587 bytes
Nic 578 received 1093587 bytes
Nic 250 received 1093587 bytes
Nic 830 received 1093587 bytes
Nic 735 received 1093587 bytes
Nic 54 received 1093587 bytes
Nic 150 received 1093587 bytes
Nic 699 received 1093587 bytes
Nic 521 received 1093587 bytes
Nic 810 received 1093587 bytes
Nic 936 received 1093587 bytes
Nic 189 received 1093587 bytes
Nic 1023 received 1093587 bytes
Nic 678 received 1093587 bytes
Nic 778 received 1093587 bytes
Nic 760 received 1093587 bytes
Nic 201 received 1093587 bytes
Nic 933 received 1093587 bytes
Nic 605 received 1093587 bytes
Nic 291 received 1093587 bytes
Nic 449 received 1093587 bytes
Nic 389 received 1093587 bytes
Nic 458 received 1093587 bytes
Nic 354 received 1093587 bytes
Nic 548 received 1093587 bytes
Nic 545 received 1093587 bytes
Nic 554 received 1093587 bytes
Nic 98 received 1093587 bytes
Nic 0 received 1093587 bytes
Nic 507 received 1093587 bytes
Nic 317 received 1093587 bytes
Nic 314 received 1093587 bytes
Nic 867 received 1093587 bytes
Nic 416 received 1093587 bytes
Nic 590 received 1093587 bytes
Nic 266 received 1093587 bytes
Nic 818 received 1093587 bytes
Nic 731 received 1093587 bytes
Nic 40 received 1093587 bytes
Nic 152 received 1093587 bytes
Nic 696 received 1093587 bytes
Nic 711 received 1093587 bytes
Nic 705 received 1093587 bytes
Nic 522 received 1093587 bytes
Nic 801 received 1093587 bytes
Nic 813 received 1093587 bytes
Nic 947 received 1093587 bytes
Nic 956 received 1093587 bytes
Nic 190 received 1093587 bytes
Nic 1018 received 1093587 bytes
Nic 692 received 1093587 bytes
Nic 680 received 1093587 bytes
Nic 770 received 1093587 bytes
Nic 202 received 1093587 bytes
Nic 914 received 1093587 bytes
Nic 611 received 1093587 bytes
Nic 623 received 1093587 bytes
Nic 299 received 1093587 bytes
Nic 450 received 1093587 bytes
Nic 390 received 1093587 bytes
Nic 476 received 1093587 bytes
Nic 348 received 1093587 bytes
Nic 887 received 1093587 bytes
Nic 993 received 1093587 bytes
Nic 643 received 1093587 bytes
Nic 819 received 1093587 bytes
Nic 752 received 1093587 bytes
Nic 41 received 1093587 bytes
Nic 153 received 1093587 bytes
Nic 717 received 1093587 bytes
Nic 708 received 1093587 bytes
Nic 540 received 1093587 bytes
Nic 807 received 1093587 bytes
Nic 795 received 1093587 bytes
Nic 957 received 1093587 bytes
Nic 184 received 1093587 bytes
Nic 995 received 1093587 bytes
Nic 1019 received 1093587 bytes
Nic 687 received 1093587 bytes
Nic 681 received 1093587 bytes
Nic 782 received 1093587 bytes
Nic 232 received 1093587 bytes
Nic 926 received 1093587 bytes
Nic 608 received 1093587 bytes
Nic 300 received 1093587 bytes
Nic 425 received 1093587 bytes
Nic 369 received 1093587 bytes
Nic 480 received 1093587 bytes
Nic 360 received 1093587 bytes
Nic 888 received 1093587 bytes
Nic 990 received 1093587 bytes
Nic 641 received 1093587 bytes
Nic 567 received 1093587 bytes
Nic 88 received 1093587 bytes
Nic 13 received 1093587 bytes
Nic 485 received 1093587 bytes
Nic 491 received 1093587 bytes
Nic 305 received 1093587 bytes
Nic 848 received 1093587 bytes
Nic 417 received 1093587 bytes
Nic 596 received 1093587 bytes
Nic 245 received 1093587 bytes
Nic 477 received 1093587 bytes
Nic 362 received 1093587 bytes
Nic 893 received 1093587 bytes
Nic 981 received 1093587 bytes
Nic 657 received 1093587 bytes
Nic 639 received 1093587 bytes
Nic 573 received 1093587 bytes
Nic 92 received 1093587 bytes
Nic 1 received 1093587 bytes
Nic 488 received 1093587 bytes
Nic 323 received 1093587 bytes
Nic 869 received 1093587 bytes
Nic 398 received 1093587 bytes
Nic 602 received 1093587 bytes
Nic 246 received 1093587 bytes
Nic 839 received 1093587 bytes
Nic 842 received 1093587 bytes
Nic 741 received 1093587 bytes
Nic 42 received 1093587 bytes
Nic 154 received 1093587 bytes
Nic 531 received 1093587 bytes
Nic 798 received 1093587 bytes
Nic 938 received 1093587 bytes
Nic 168 received 1093587 bytes
Nic 1013 received 1093587 bytes
Nic 665 received 1093587 bytes
Nic 773 received 1093587 bytes
Nic 225 received 1093587 bytes
Nic 911 received 1093587 bytes
Nic 606 received 1093587 bytes
Nic 303 received 1093587 bytes
Nic 444 received 1093587 bytes
Nic 386 received 1093587 bytes
Nic 380 received 1093587 bytes
Nic 383 received 1093587 bytes
Nic 959 received 1093587 bytes
Nic 169 received 1093587 bytes
Nic 998 received 1093587 bytes
Nic 674 received 1093587 bytes
Nic 774 received 1093587 bytes
Nic 226 received 1093587 bytes
Nic 917 received 1093587 bytes
Nic 617 received 1093587 bytes
Nic 296 received 1093587 bytes
Nic 435 received 1093587 bytes
Nic 381 received 1093587 bytes
Nic 384 received 1093587 bytes
Nic 473 received 1093587 bytes
Nic 344 received 1093587 bytes
Nic 878 received 1093587 bytes
Nic 987 received 1093587 bytes
Nic 650 received 1093587 bytes
Nic 564 received 1093587 bytes
Nic 116 received 1093587 bytes
Nic 104 received 1093587 bytes
Nic 2 received 1093587 bytes
Nic 500 received 1093587 bytes
Nic 332 received 1093587 bytes
Nic 849 received 1093587 bytes
Nic 413 received 1093587 bytes
Nic 579 received 1093587 bytes
Nic 269 received 1093587 bytes
Nic 833 received 1093587 bytes
Nic 729 received 1093587 bytes
Nic 64 received 1093587 bytes
Nic 156 received 1093587 bytes
Nic 527 received 1093587 bytes
Nic 524 received 1093587 bytes
Nic 377 received 1093587 bytes
Nic 461 received 1093587 bytes
Nic 357 received 1093587 bytes
Nic 897 received 1093587 bytes
Nic 966 received 1093587 bytes
Nic 651 received 1093587 bytes
Nic 546 received 1093587 bytes
Nic 100 received 1093587 bytes
Nic 28 received 1093587 bytes
Nic 509 received 1093587 bytes
Nic 321 received 1093587 bytes
Nic 870 received 1093587 bytes
Nic 414 received 1093587 bytes
Nic 591 received 1093587 bytes
Nic 267 received 1093587 bytes
Nic 843 received 1093587 bytes
Nic 732 received 1093587 bytes
Nic 65 received 1093587 bytes
Nic 157 received 1093587 bytes
Nic 528 received 1093587 bytes
Nic 941 received 1093587 bytes
Nic 170 received 1093587 bytes
Nic 1011 received 1093587 bytes
Nic 683 received 1093587 bytes
Nic 671 received 1093587 bytes
Nic 776 received 1093587 bytes
Nic 779 received 1093587 bytes
Nic 208 received 1093587 bytes
Nic 204 received 1093587 bytes
Nic 920 received 1093587 bytes
Nic 618 received 1093587 bytes
Nic 287 received 1093587 bytes
Nic 441 received 1093587 bytes
Nic 744 received 1093587 bytes
Nic 753 received 1093587 bytes
Nic 66 received 1093587 bytes
Nic 158 received 1093587 bytes
Nic 516 received 1093587 bytes
Nic 962 received 1093587 bytes
Nic 180 received 1093587 bytes
Nic 999 received 1093587 bytes
Nic 675 received 1093587 bytes
Nic 693 received 1093587 bytes
Nic 761 received 1093587 bytes
Nic 212 received 1093587 bytes
Nic 908 received 1093587 bytes
Nic 612 received 1093587 bytes
Nic 288 received 1093587 bytes
Nic 426 received 1093587 bytes
Nic 378 received 1093587 bytes
Nic 464 received 1093587 bytes
Nic 363 received 1093587 bytes
Nic 875 received 1093587 bytes
Nic 978 received 1093587 bytes
Nic 642 received 1093587 bytes
Nic 549 received 1093587 bytes
Nic 84 received 1093587 bytes
Nic 24 received 1093587 bytes
Nic 512 received 1093587 bytes
Nic 330 received 1093587 bytes
Nic 857 received 1093587 bytes
Nic 419 received 1093587 bytes
Nic 407 received 1093587 bytes
Nic 600 received 1093587 bytes
Nic 270 received 1093587 bytes
Nic 840 received 1093587 bytes
Nic 950 received 1093587 bytes
Nic 160 received 1093587 bytes
Nic 996 received 1093587 bytes
Nic 1017 received 1093587 bytes
Nic 684 received 1093587 bytes
Nic 758 received 1093587 bytes
Nic 228 received 1093587 bytes
Nic 929 received 1093587 bytes
Nic 624 received 1093587 bytes
Nic 282 received 1093587 bytes
Nic 438 received 1093587 bytes
Nic 387 received 1093587 bytes
Nic 474 received 1093587 bytes
Nic 342 received 1093587 bytes
Nic 876 received 1093587 bytes
Nic 663 received 1093587 bytes
Nic 555 received 1093587 bytes
Nic 117 received 1093587 bytes
Nic 25 received 1093587 bytes
Nic 510 received 1093587 bytes
Nic 513 received 1093587 bytes
Nic 315 received 1093587 bytes
Nic 324 received 1093587 bytes
Nic 854 received 1093587 bytes
Nic 401 received 1093587 bytes
Nic 597 received 1093587 bytes
Nic 260 received 1093587 bytes
Nic 825 received 1093587 bytes
Nic 726 received 1093587 bytes
Nic 72 received 1093587 bytes
Nic 124 received 1093587 bytes
Nic 525 received 1093587 bytes
Nic 26 received 1093587 bytes
Nic 486 received 1093587 bytes
Nic 318 received 1093587 bytes
Nic 863 received 1093587 bytes
Nic 851 received 1093587 bytes
Nic 411 received 1093587 bytes
Nic 399 received 1093587 bytes
Nic 603 received 1093587 bytes
Nic 272 received 1093587 bytes
Nic 252 received 1093587 bytes
Nic 831 received 1093587 bytes
Nic 73 received 1093587 bytes
Nic 125 received 1093587 bytes
Nic 948 received 1093587 bytes
Nic 164 received 1093587 bytes
Nic 1020 received 1093587 bytes
Nic 666 received 1093587 bytes
Nic 783 received 1093587 bytes
Nic 233 received 1093587 bytes
Nic 912 received 1093587 bytes
Nic 609 received 1093587 bytes
Nic 279 received 1093587 bytes
Nic 392 received 1093587 bytes
Nic 459 received 1093587 bytes
Nic 345 received 1093587 bytes
Nic 890 received 1093587 bytes
Nic 635 received 1093587 bytes
Nic 118 received 1093587 bytes
Nic 297 received 1093587 bytes
Nic 276 received 1093587 bytes
Nic 371 received 1093587 bytes
Nic 456 received 1093587 bytes
Nic 462 received 1093587 bytes
Nic 891 received 1093587 bytes
Nic 636 received 1093587 bytes
Nic 80 received 1093587 bytes
Nic 14 received 1093587 bytes
Nic 492 received 1093587 bytes
Nic 333 received 1093587 bytes
Nic 858 received 1093587 bytes
Nic 405 received 1093587 bytes
Nic 263 received 1093587 bytes
Nic 816 received 1093587 bytes
Nic 74 received 1093587 bytes
Nic 126 received 1093587 bytes
Nic 939 received 1093587 bytes
Nic 165 received 1093587 bytes
Nic 1002 received 1093587 bytes
Nic 672 received 1093587 bytes
Nic 759 received 1093587 bytes
Nic 229 received 1093587 bytes
Nic 927 received 1093587 bytes
Nic 630 received 1093587 bytes
Nic 767 received 1093587 bytes
Nic 234 received 1093587 bytes
Nic 918 received 1093587 bytes
Nic 909 received 1093587 bytes
Nic 921 received 1093587 bytes
Nic 393 received 1093587 bytes
Nic 465 received 1093587 bytes
Nic 902 received 1093587 bytes
Nic 647 received 1093587 bytes
Nic 644 received 1093587 bytes
Nic 81 received 1093587 bytes
Nic 20 received 1093587 bytes
Nic 489 received 1093587 bytes
Nic 306 received 1093587 bytes
Nic 864 received 1093587 bytes
Nic 420 received 1093587 bytes
Nic 408 received 1093587 bytes
Nic 257 received 1093587 bytes
Nic 834 received 1093587 bytes
Nic 60 received 1093587 bytes
Nic 140 received 1093587 bytes
Nic 128 received 1093587 bytes
Nic 953 received 1093587 bytes
Nic 166 received 1093587 bytes
Nic 1014 received 1093587 bytes
Nic 21 received 1093587 bytes
Nic 501 received 1093587 bytes
Nic 855 received 1093587 bytes
Nic 852 received 1093587 bytes
Nic 402 received 1093587 bytes
Nic 273 received 1093587 bytes
Nic 828 received 1093587 bytes
Nic 61 received 1093587 bytes
Nic 136 received 1093587 bytes
Nic 951 received 1093587 bytes
Nic 176 received 1093587 bytes
Nic 768 received 1093587 bytes
Nic 230 received 1093587 bytes
Nic 930 received 1093587 bytes
Nic 372 received 1093587 bytes
Nic 483 received 1093587 bytes
Nic 882 received 1093587 bytes
Nic 648 received 1093587 bytes
Nic 89 received 1093587 bytes
Nic 894 received 1093587 bytes
Nic 645 received 1093587 bytes
Nic 93 received 1093587 bytes
Nic 22 received 1093587 bytes
Nic 261 received 1093587 bytes
Nic 62 received 1093587 bytes
Nic 144 received 1093587 bytes
Nic 960 received 1093587 bytes
Nic 185 received 1093587 bytes
Nic 771 received 1093587 bytes
Nic 236 received 1093587 bytes
Nic 915 received 1093587 bytes
Nic 56 received 1093587 bytes
Nic 44 received 1093587 bytes
Nic 132 received 1093587 bytes
Nic 942 received 1093587 bytes
Nic 963 received 1093587 bytes
Nic 172 received 1093587 bytes
Nic 780 received 1093587 bytes
Nic 777 received 1093587 bytes
Nic 237 received 1093587 bytes
Nic 885 received 1093587 bytes
Nic 105 received 1093587 bytes
Nic 4 received 1093587 bytes
Nic 253 received 1093587 bytes
Nic 264 received 1093587 bytes
Nic 254 received 1093587 bytes
Nic 48 received 1093587 bytes
Nic 133 received 1093587 bytes
Nic 954 received 1093587 bytes
Nic 173 received 1093587 bytes
Nic 762 received 1093587 bytes
Nic 238 received 1093587 bytes
Nic 879 received 1093587 bytes
Nic 903 received 1093587 bytes
Nic 85 received 1093587 bytes
Nic 29 received 1093587 bytes
Nic 82 received 1093587 bytes
Nic 5 received 1093587 bytes
Nic 258 received 1093587 bytes
Nic 68 received 1093587 bytes
Nic 134 received 1093587 bytes
Nic 174 received 1093587 bytes
Nic 216 received 1093587 bytes
Nic 69 received 1093587 bytes
Nic 120 received 1093587 bytes
Nic 181 received 1093587 bytes
Nic 217 received 1093587 bytes
Nic 101 received 1093587 bytes
Nic 30 received 1093587 bytes
Nic 70 received 1093587 bytes
Nic 141 received 1093587 bytes
Nic 177 received 1093587 bytes
Nic 218 received 1093587 bytes
Nic 106 received 1093587 bytes
Nic 36 received 1093587 bytes
Nic 16 received 1093587 bytes
Nic 161 received 1093587 bytes
Nic 205 received 1093587 bytes
Nic 90 received 1093587 bytes
Nic 37 received 1093587 bytes
Nic 76 received 1093587 bytes
Nic 142 received 1093587 bytes
Nic 206 received 1093587 bytes
Nic 86 received 1093587 bytes
Nic 38 received 1093587 bytes
Nic 49 received 1093587 bytes
Nic 137 received 1093587 bytes
Nic 178 received 1093587 bytes
Nic 162 received 1093587 bytes
Nic 94 received 1093587 bytes
Nic 6 received 1093587 bytes
Nic 50 received 1093587 bytes
Nic 138 received 1093587 bytes
Nic 186 received 1093587 bytes
Nic 209 received 1093587 bytes
Nic 17 received 1093587 bytes
Nic 57 received 1093587 bytes
Nic 77 received 1093587 bytes
Nic 145 received 1093587 bytes
Nic 182 received 1093587 bytes
Nic 210 received 1093587 bytes
Nic 102 received 1093587 bytes
Nic 58 received 1093587 bytes
Nic 121 received 1093587 bytes
Nic 129 received 1093587 bytes
Nic 213 received 1093587 bytes
Nic 18 received 1093587 bytes
Nic 45 received 1093587 bytes
Nic 122 received 1093587 bytes
Nic 214 received 1093587 bytes
Simulation is complete, simulated time: 266.496 us
Nic 46 received 1093587 bytes
Nic 146 received 1093587 bytes
Nic 78 received 1093587 bytes
Nic 130 received 1093587 bytes
