EMBER: using param directory: paramFiles
EMBER: platform: default
EMBER: network: topology=torus shape=32x32
EMBER: numNodes=1024 numNics=1024
override nicParams module=merlin.linkcontrol with merlin.reorderlinkcontrol
link_bw 400Gb/s
xbar_bw 1600Gb/s
nic_link_bw 1600Gb/s
EMBER: network: BW=400Gb/s pktSize=8192B flitSize=256B
EMBER: Job=10, nidList='0-1023'
EMBER: Motif='Init'
EMBER: Motif='AllPingPong messageSize=16'
EMBER: Motif='Fini'
Radix of routers is 5
AllPingPong: total time 1.027 us, loop 1, bufLen 16, latency 0.514 us. bandwidth 0.031159 GB/s
STATS 10 415 EMBER 0 234239 234239 16368
STATS 10 411 EMBER 0 225446 225446 16368
STATS 10 427 EMBER 0 225005 225005 16368
STATS 10 3 EMBER 0 234785 234785 16368
STATS 10 51 EMBER 0 231620 231620 16368
STATS 10 63 EMBER 0 234246 234246 16368
STATS 10 263 EMBER 0 225280 225280 16368
STATS 10 291 EMBER 0 234395 234395 16368
STATS 10 275 EMBER 0 231474 231474 16368
STATS 10 267 EMBER 0 224783 224783 16368
STATS 10 635 EMBER 0 224856 224856 16368
STATS 10 639 EMBER 0 233709 233709 16368
STATS 10 599 EMBER 0 222097 222097 16368
STATS 10 595 EMBER 0 231496 231496 16368
STATS 10 243 EMBER 0 231509 231509 16368
STATS 10 235 EMBER 0 224836 224836 16368
STATS 10 227 EMBER 0 234409 234409 16368
STATS 10 571 EMBER 0 225443 225443 16368
STATS 10 563 EMBER 0 231635 231635 16368
STATS 10 519 EMBER 0 225805 225805 16368
STATS 10 475 EMBER 0 225545 225545 16368
STATS 10 467 EMBER 0 231695 231695 16368
STATS 10 451 EMBER 0 234707 234707 16368
STATS 10 731 EMBER 0 224605 224605 16368
STATS 10 711 EMBER 0 224715 224715 16368
STATS 10 727 EMBER 0 221732 221732 16368
STATS 10 107 EMBER 0 225186 225186 16368
STATS 10 67 EMBER 0 234813 234813 16368
STATS 10 75 EMBER 0 225076 225076 16368
STATS 10 87 EMBER 0 222312 222312 16368
STATS 10 915 EMBER 0 231803 231803 16368
STATS 10 919 EMBER 0 222424 222424 16368
STATS 10 927 EMBER 0 234248 234248 16368
STATS 10 867 EMBER 0 234489 234489 16368
STATS 10 851 EMBER 0 231519 231519 16368
STATS 10 887 EMBER 0 222128 222128 16368
STATS 10 850 EMBER 0 234535 234535 16368
STATS 10 179 EMBER 0 231659 231659 16368
STATS 10 143 EMBER 0 235374 235374 16368
STATS 10 135 EMBER 0 225871 225871 16368
STATS 10 167 EMBER 0 225656 225656 16368
STATS 10 359 EMBER 0 225310 225310 16368
STATS 10 379 EMBER 0 225340 225340 16368
STATS 10 371 EMBER 0 231557 231557 16368
STATS 10 655 EMBER 0 234578 234578 16368
STATS 10 667 EMBER 0 224677 224677 16368
STATS 10 663 EMBER 0 221826 221826 16368
STATS 10 987 EMBER 0 225471 225471 16368
STATS 10 1011 EMBER 0 231642 231642 16368
STATS 10 971 EMBER 0 225067 225067 16368
STATS 10 187 EMBER 0 225304 225304 16368
STATS 10 191 EMBER 0 234163 234163 16368
STATS 10 151 EMBER 0 222442 222442 16368
STATS 10 139 EMBER 0 225187 225187 16368
STATS 10 363 EMBER 0 224739 224739 16368
STATS 10 375 EMBER 0 222097 222097 16368
STATS 10 339 EMBER 0 231511 231511 16368
STATS 10 687 EMBER 0 234431 234431 16368
STATS 10 695 EMBER 0 221770 221770 16368
STATS 10 671 EMBER 0 233497 233497 16368
STATS 10 703 EMBER 0 233420 233420 16368
STATS 10 983 EMBER 0 222377 222377 16368
STATS 10 967 EMBER 0 225801 225801 16368
STATS 10 995 EMBER 0 234783 234783 16368
STATS 10 1015 EMBER 0 222313 222313 16368
STATS 10 1007 EMBER 0 235303 235303 16368
STATS 10 807 EMBER 0 224918 224918 16368
STATS 10 775 EMBER 0 224759 224759 16368
STATS 10 791 EMBER 0 221841 221841 16368
STATS 10 783 EMBER 0 234646 234646 16368
STATS 10 831 EMBER 0 233602 233602 16368
STATS 10 827 EMBER 0 224738 224738 16368
STATS 10 435 EMBER 0 231627 231627 16368
STATS 10 399 EMBER 0 235124 235124 16368
STATS 10 431 EMBER 0 235154 235154 16368
STATS 10 423 EMBER 0 225541 225541 16368
STATS 10 27 EMBER 0 225409 225409 16368
STATS 10 39 EMBER 0 225707 225707 16368
STATS 10 23 EMBER 0 222303 222303 16368
STATS 10 279 EMBER 0 222142 222142 16368
STATS 10 259 EMBER 0 234431 234431 16368
STATS 10 283 EMBER 0 225238 225238 16368
STATS 10 315 EMBER 0 225203 225203 16368
STATS 10 603 EMBER 0 225143 225143 16368
STATS 10 583 EMBER 0 225384 225384 16368
STATS 10 607 EMBER 0 234026 234026 16368
STATS 10 631 EMBER 0 221941 221941 16368
STATS 10 627 EMBER 0 231283 231283 16368
STATS 10 611 EMBER 0 234157 234157 16368
STATS 10 231 EMBER 0 225306 225306 16368
STATS 10 219 EMBER 0 225287 225287 16368
STATS 10 215 EMBER 0 222220 222220 16368
STATS 10 251 EMBER 0 225261 225261 16368
STATS 10 543 EMBER 0 234465 234465 16368
STATS 10 567 EMBER 0 222261 222261 16368
STATS 10 515 EMBER 0 234815 234815 16368
STATS 10 503 EMBER 0 222357 222357 16368
STATS 10 471 EMBER 0 222317 222317 16368
STATS 10 499 EMBER 0 231676 231676 16368
STATS 10 487 EMBER 0 225729 225729 16368
STATS 10 459 EMBER 0 225038 225038 16368
STATS 10 483 EMBER 0 234695 234695 16368
STATS 10 719 EMBER 0 234432 234432 16368
STATS 10 747 EMBER 0 224090 224090 16368
STATS 10 739 EMBER 0 233815 233815 16368
STATS 10 91 EMBER 0 225430 225430 16368
STATS 10 103 EMBER 0 225813 225813 16368
STATS 10 119 EMBER 0 222434 222434 16368
STATS 10 115 EMBER 0 231724 231724 16368
STATS 10 939 EMBER 0 225126 225126 16368
STATS 10 903 EMBER 0 225699 225699 16368
STATS 10 943 EMBER 0 235445 235445 16368
STATS 10 907 EMBER 0 225095 225095 16368
STATS 10 935 EMBER 0 225867 225867 16368
STATS 10 879 EMBER 0 235173 235173 16368
STATS 10 875 EMBER 0 224893 224893 16368
STATS 10 859 EMBER 0 224932 224932 16368
STATS 10 123 EMBER 0 225418 225418 16368
STATS 10 99 EMBER 0 234864 234864 16368
STATS 10 111 EMBER 0 235385 235385 16368
STATS 10 71 EMBER 0 225734 225734 16368
STATS 10 127 EMBER 0 234319 234319 16368
STATS 10 95 EMBER 0 234330 234330 16368
STATS 10 959 EMBER 0 234434 234434 16368
STATS 10 923 EMBER 0 225293 225293 16368
STATS 10 843 EMBER 0 224603 224603 16368
STATS 10 855 EMBER 0 222041 222041 16368
STATS 10 839 EMBER 0 225087 225087 16368
STATS 10 835 EMBER 0 234194 234194 16368
STATS 10 163 EMBER 0 234635 234635 16368
STATS 10 175 EMBER 0 235225 235225 16368
STATS 10 159 EMBER 0 234288 234288 16368
STATS 10 183 EMBER 0 222343 222343 16368
STATS 10 155 EMBER 0 225408 225408 16368
STATS 10 327 EMBER 0 225223 225223 16368
STATS 10 367 EMBER 0 235126 235126 16368
STATS 10 351 EMBER 0 234172 234172 16368
STATS 10 323 EMBER 0 234472 234472 16368
STATS 10 347 EMBER 0 225287 225287 16368
STATS 10 679 EMBER 0 224799 224799 16368
STATS 10 651 EMBER 0 224241 224241 16368
STATS 10 647 EMBER 0 224952 224952 16368
STATS 10 683 EMBER 0 224059 224059 16368
STATS 10 991 EMBER 0 234362 234362 16368
STATS 10 1003 EMBER 0 225021 225021 16368
STATS 10 787 EMBER 0 231139 231139 16368
STATS 10 799 EMBER 0 233434 233434 16368
STATS 10 815 EMBER 0 234837 234837 16368
STATS 10 795 EMBER 0 224617 224617 16368
STATS 10 819 EMBER 0 231220 231220 16368
STATS 10 419 EMBER 0 234595 234595 16368
STATS 10 391 EMBER 0 225453 225453 16368
STATS 10 443 EMBER 0 225513 225513 16368
STATS 10 390 EMBER 0 226598 226598 16368
STATS 10 387 EMBER 0 234564 234564 16368
STATS 10 47 EMBER 0 235308 235308 16368
STATS 10 43 EMBER 0 225022 225022 16368
STATS 10 15 EMBER 0 235261 235261 16368
STATS 10 11 EMBER 0 224990 224990 16368
STATS 10 311 EMBER 0 222104 222104 16368
STATS 10 295 EMBER 0 225234 225234 16368
STATS 10 319 EMBER 0 234111 234111 16368
STATS 10 303 EMBER 0 235046 235046 16368
STATS 10 299 EMBER 0 224735 224735 16368
STATS 10 579 EMBER 0 234377 234377 16368
STATS 10 619 EMBER 0 224500 224500 16368
STATS 10 223 EMBER 0 234159 234159 16368
STATS 10 199 EMBER 0 225481 225481 16368
STATS 10 247 EMBER 0 222203 222203 16368
STATS 10 207 EMBER 0 235156 235156 16368
STATS 10 255 EMBER 0 234113 234113 16368
STATS 10 523 EMBER 0 225160 225160 16368
STATS 10 527 EMBER 0 235402 235402 16368
STATS 10 559 EMBER 0 235177 235177 16368
STATS 10 531 EMBER 0 231728 231728 16368
STATS 10 535 EMBER 0 222412 222412 16368
STATS 10 547 EMBER 0 234720 234720 16368
STATS 10 455 EMBER 0 225708 225708 16368
STATS 10 491 EMBER 0 225146 225146 16368
STATS 10 454 EMBER 0 226821 226821 16368
STATS 10 479 EMBER 0 234310 234310 16368
STATS 10 735 EMBER 0 233423 233423 16368
STATS 10 767 EMBER 0 233406 233406 16368
STATS 10 755 EMBER 0 231044 231044 16368
STATS 10 766 EMBER 0 231943 231943 16368
STATS 10 763 EMBER 0 224633 224633 16368
STATS 10 643 EMBER 0 234007 234007 16368
STATS 10 691 EMBER 0 231083 231083 16368
STATS 10 1019 EMBER 0 225424 225424 16368
STATS 10 1023 EMBER 0 234222 234222 16368
STATS 10 811 EMBER 0 224349 224349 16368
STATS 10 771 EMBER 0 233825 233825 16368
STATS 10 803 EMBER 0 234028 234028 16368
STATS 10 823 EMBER 0 221821 221821 16368
STATS 10 779 EMBER 0 224236 224236 16368
STATS 10 806 EMBER 0 226174 226174 16368
STATS 10 774 EMBER 0 226047 226047 16368
STATS 10 790 EMBER 0 223025 223025 16368
STATS 10 782 EMBER 0 231642 231642 16368
STATS 10 830 EMBER 0 232090 232090 16368
STATS 10 439 EMBER 0 222249 222249 16368
STATS 10 395 EMBER 0 224859 224859 16368
STATS 10 407 EMBER 0 222169 222169 16368
STATS 10 447 EMBER 0 234304 234304 16368
STATS 10 55 EMBER 0 222341 222341 16368
STATS 10 307 EMBER 0 231454 231454 16368
STATS 10 271 EMBER 0 235071 235071 16368
STATS 10 287 EMBER 0 234125 234125 16368
STATS 10 615 EMBER 0 225156 225156 16368
STATS 10 591 EMBER 0 234950 234950 16368
STATS 10 203 EMBER 0 224911 224911 16368
STATS 10 575 EMBER 0 234326 234326 16368
STATS 10 539 EMBER 0 225572 225572 16368
STATS 10 463 EMBER 0 235228 235228 16368
STATS 10 723 EMBER 0 231033 231033 16368
STATS 10 751 EMBER 0 234519 234519 16368
STATS 10 79 EMBER 0 235329 235329 16368
STATS 10 83 EMBER 0 231696 231696 16368
STATS 10 106 EMBER 0 224030 224030 16368
STATS 10 951 EMBER 0 222455 222455 16368
STATS 10 911 EMBER 0 235406 235406 16368
STATS 10 891 EMBER 0 225103 225103 16368
STATS 10 895 EMBER 0 234030 234030 16368
STATS 10 171 EMBER 0 225032 225032 16368
STATS 10 131 EMBER 0 234766 234766 16368
STATS 10 147 EMBER 0 231701 231701 16368
STATS 10 355 EMBER 0 234485 234485 16368
STATS 10 335 EMBER 0 235085 235085 16368
STATS 10 383 EMBER 0 234252 234252 16368
STATS 10 699 EMBER 0 224593 224593 16368
STATS 10 659 EMBER 0 231173 231173 16368
STATS 10 675 EMBER 0 233885 233885 16368
STATS 10 963 EMBER 0 234882 234882 16368
STATS 10 826 EMBER 0 223012 223012 16368
STATS 10 786 EMBER 0 234170 234170 16368
STATS 10 798 EMBER 0 231981 231981 16368
STATS 10 814 EMBER 0 231742 231742 16368
STATS 10 794 EMBER 0 222903 222903 16368
STATS 10 818 EMBER 0 234308 234308 16368
STATS 10 414 EMBER 0 232718 232718 16368
STATS 10 410 EMBER 0 223533 223533 16368
STATS 10 31 EMBER 0 234236 234236 16368
STATS 10 7 EMBER 0 225665 225665 16368
STATS 10 262 EMBER 0 226493 226493 16368
STATS 10 290 EMBER 0 236006 236006 16368
STATS 10 274 EMBER 0 234560 234560 16368
STATS 10 587 EMBER 0 224706 224706 16368
STATS 10 623 EMBER 0 234769 234769 16368
STATS 10 211 EMBER 0 231543 231543 16368
STATS 10 239 EMBER 0 235055 235055 16368
STATS 10 551 EMBER 0 225626 225626 16368
STATS 10 507 EMBER 0 225584 225584 16368
STATS 10 511 EMBER 0 234411 234411 16368
STATS 10 474 EMBER 0 223670 223670 16368
STATS 10 759 EMBER 0 221729 221729 16368
STATS 10 715 EMBER 0 224006 224006 16368
STATS 10 66 EMBER 0 236485 236485 16368
STATS 10 947 EMBER 0 231737 231737 16368
STATS 10 899 EMBER 0 234705 234705 16368
STATS 10 863 EMBER 0 233738 233738 16368
STATS 10 847 EMBER 0 234944 234944 16368
STATS 10 178 EMBER 0 234779 234779 16368
STATS 10 142 EMBER 0 232320 232320 16368
STATS 10 134 EMBER 0 226957 226957 16368
STATS 10 343 EMBER 0 222033 222033 16368
STATS 10 426 EMBER 0 223963 223963 16368
STATS 10 19 EMBER 0 231620 231620 16368
STATS 10 59 EMBER 0 225400 225400 16368
STATS 10 266 EMBER 0 223573 223573 16368
STATS 10 278 EMBER 0 223286 223286 16368
STATS 10 634 EMBER 0 223252 223252 16368
STATS 10 638 EMBER 0 232257 232257 16368
STATS 10 195 EMBER 0 234478 234478 16368
STATS 10 242 EMBER 0 234648 234648 16368
STATS 10 555 EMBER 0 224965 224965 16368
STATS 10 570 EMBER 0 223659 223659 16368
STATS 10 466 EMBER 0 234736 234736 16368
STATS 10 450 EMBER 0 236372 236372 16368
STATS 10 502 EMBER 0 223597 223597 16368
STATS 10 743 EMBER 0 224718 224718 16368
STATS 10 730 EMBER 0 222955 222955 16368
STATS 10 74 EMBER 0 223950 223950 16368
STATS 10 86 EMBER 0 223433 223433 16368
STATS 10 90 EMBER 0 223610 223610 16368
STATS 10 931 EMBER 0 234942 234942 16368
STATS 10 883 EMBER 0 231678 231678 16368
STATS 10 866 EMBER 0 236205 236205 16368
STATS 10 166 EMBER 0 226825 226825 16368
STATS 10 186 EMBER 0 223552 223552 16368
STATS 10 331 EMBER 0 224707 224707 16368
STATS 10 358 EMBER 0 226476 226476 16368
STATS 10 378 EMBER 0 223518 223518 16368
STATS 10 370 EMBER 0 234629 234629 16368
STATS 10 654 EMBER 0 231613 231613 16368
STATS 10 666 EMBER 0 223089 223089 16368
STATS 10 979 EMBER 0 231665 231665 16368
STATS 10 975 EMBER 0 235330 235330 16368
STATS 10 999 EMBER 0 225698 225698 16368
STATS 10 810 EMBER 0 223007 223007 16368
STATS 10 770 EMBER 0 235606 235606 16368
STATS 10 802 EMBER 0 235686 235686 16368
STATS 10 822 EMBER 0 223113 223113 16368
STATS 10 778 EMBER 0 222948 222948 16368
STATS 10 804 EMBER 0 230445 230445 16368
STATS 10 772 EMBER 0 230386 230386 16368
STATS 10 662 EMBER 0 222989 222989 16368
STATS 10 686 EMBER 0 231550 231550 16368
STATS 10 986 EMBER 0 223640 223640 16368
STATS 10 1010 EMBER 0 234779 234779 16368
STATS 10 970 EMBER 0 223970 223970 16368
STATS 10 982 EMBER 0 223552 223552 16368
STATS 10 966 EMBER 0 226997 226997 16368
STATS 10 994 EMBER 0 236482 236482 16368
STATS 10 788 EMBER 0 227110 227110 16368
STATS 10 780 EMBER 0 224977 224977 16368
STATS 10 828 EMBER 0 228455 228455 16368
STATS 10 824 EMBER 0 221727 221727 16368
STATS 10 784 EMBER 0 237038 237038 16368
STATS 10 796 EMBER 0 228297 228297 16368
STATS 10 812 EMBER 0 225156 225156 16368
STATS 10 434 EMBER 0 234678 234678 16368
STATS 10 398 EMBER 0 232172 232172 16368
STATS 10 430 EMBER 0 232179 232179 16368
STATS 10 35 EMBER 0 234792 234792 16368
STATS 10 2 EMBER 0 236425 236425 16368
STATS 10 258 EMBER 0 236062 236062 16368
STATS 10 282 EMBER 0 223438 223438 16368
STATS 10 314 EMBER 0 223441 223441 16368
STATS 10 310 EMBER 0 223283 223283 16368
STATS 10 632 EMBER 0 221966 221966 16368
STATS 10 636 EMBER 0 228676 228676 16368
STATS 10 633 EMBER 0 222211 222211 16368
STATS 10 637 EMBER 0 230693 230693 16368
STATS 10 234 EMBER 0 223600 223600 16368
STATS 10 562 EMBER 0 234664 234664 16368
STATS 10 518 EMBER 0 227007 227007 16368
STATS 10 470 EMBER 0 223473 223473 16368
STATS 10 498 EMBER 0 234789 234789 16368
STATS 10 486 EMBER 0 226910 226910 16368
STATS 10 458 EMBER 0 224110 224110 16368
STATS 10 482 EMBER 0 236410 236410 16368
STATS 10 710 EMBER 0 225999 225999 16368
STATS 10 102 EMBER 0 226986 226986 16368
STATS 10 118 EMBER 0 223523 223523 16368
STATS 10 955 EMBER 0 225474 225474 16368
STATS 10 871 EMBER 0 225386 225386 16368
STATS 10 190 EMBER 0 232699 232699 16368
STATS 10 150 EMBER 0 223536 223536 16368
STATS 10 362 EMBER 0 223749 223749 16368
STATS 10 374 EMBER 0 223363 223363 16368
STATS 10 694 EMBER 0 222877 222877 16368
STATS 10 670 EMBER 0 232010 232010 16368
STATS 10 1014 EMBER 0 223476 223476 16368
STATS 10 1006 EMBER 0 232269 232269 16368
STATS 10 792 EMBER 0 221566 221566 16368
STATS 10 816 EMBER 0 237069 237069 16368
STATS 10 808 EMBER 0 224196 224196 16368
STATS 10 768 EMBER 0 237323 237323 16368
STATS 10 800 EMBER 0 237437 237437 16368
STATS 10 820 EMBER 0 227296 227296 16368
STATS 10 422 EMBER 0 226713 226713 16368
STATS 10 418 EMBER 0 236294 236294 16368
STATS 10 50 EMBER 0 234831 234831 16368
STATS 10 62 EMBER 0 232752 232752 16368
STATS 10 26 EMBER 0 223623 223623 16368
STATS 10 294 EMBER 0 226440 226440 16368
STATS 10 318 EMBER 0 232605 232605 16368
STATS 10 606 EMBER 0 232497 232497 16368
STATS 10 630 EMBER 0 223136 223136 16368
STATS 10 226 EMBER 0 236109 236109 16368
STATS 10 230 EMBER 0 226545 226545 16368
STATS 10 542 EMBER 0 232881 232881 16368
STATS 10 566 EMBER 0 223431 223431 16368
STATS 10 495 EMBER 0 235307 235307 16368
STATS 10 490 EMBER 0 224146 224146 16368
STATS 10 726 EMBER 0 222827 222827 16368
STATS 10 718 EMBER 0 231485 231485 16368
STATS 10 114 EMBER 0 234875 234875 16368
STATS 10 914 EMBER 0 234983 234983 16368
STATS 10 918 EMBER 0 223600 223600 16368
STATS 10 912 EMBER 0 237865 237865 16368
STATS 10 916 EMBER 0 227902 227902 16368
STATS 10 886 EMBER 0 223412 223412 16368
STATS 10 848 EMBER 0 237297 237297 16368
STATS 10 878 EMBER 0 232169 232169 16368
STATS 10 138 EMBER 0 224045 224045 16368
STATS 10 162 EMBER 0 236306 236306 16368
STATS 10 174 EMBER 0 232180 232180 16368
STATS 10 158 EMBER 0 232779 232779 16368
STATS 10 338 EMBER 0 234559 234559 16368
STATS 10 326 EMBER 0 226442 226442 16368
STATS 10 366 EMBER 0 232174 232174 16368
STATS 10 350 EMBER 0 232641 232641 16368
STATS 10 302 EMBER 0 232114 232114 16368
STATS 10 626 EMBER 0 234316 234316 16368
STATS 10 610 EMBER 0 235909 235909 16368
STATS 10 578 EMBER 0 236075 236075 16368
STATS 10 218 EMBER 0 223493 223493 16368
STATS 10 214 EMBER 0 223421 223421 16368
STATS 10 250 EMBER 0 223446 223446 16368
STATS 10 222 EMBER 0 232624 232624 16368
STATS 10 198 EMBER 0 226617 226617 16368
STATS 10 246 EMBER 0 223338 223338 16368
STATS 10 514 EMBER 0 236511 236511 16368
STATS 10 522 EMBER 0 224171 224171 16368
STATS 10 526 EMBER 0 232459 232459 16368
STATS 10 452 EMBER 0 231206 231206 16368
STATS 10 478 EMBER 0 232819 232819 16368
STATS 10 746 EMBER 0 223009 223009 16368
STATS 10 738 EMBER 0 235543 235543 16368
STATS 10 122 EMBER 0 223664 223664 16368
STATS 10 98 EMBER 0 236536 236536 16368
STATS 10 110 EMBER 0 232289 232289 16368
STATS 10 913 EMBER 0 237502 237502 16368
STATS 10 942 EMBER 0 232377 232377 16368
STATS 10 906 EMBER 0 224016 224016 16368
STATS 10 934 EMBER 0 227091 227091 16368
STATS 10 958 EMBER 0 232947 232947 16368
STATS 10 874 EMBER 0 223762 223762 16368
STATS 10 858 EMBER 0 223173 223173 16368
STATS 10 842 EMBER 0 223283 223283 16368
STATS 10 182 EMBER 0 223514 223514 16368
STATS 10 154 EMBER 0 223656 223656 16368
STATS 10 170 EMBER 0 223898 223898 16368
STATS 10 130 EMBER 0 236427 236427 16368
STATS 10 146 EMBER 0 234881 234881 16368
STATS 10 322 EMBER 0 236082 236082 16368
STATS 10 346 EMBER 0 223465 223465 16368
STATS 10 354 EMBER 0 236154 236154 16368
STATS 10 334 EMBER 0 232146 232146 16368
STATS 10 702 EMBER 0 231930 231930 16368
STATS 10 678 EMBER 0 226057 226057 16368
STATS 10 650 EMBER 0 223340 223340 16368
STATS 10 990 EMBER 0 232870 232870 16368
STATS 10 1002 EMBER 0 223891 223891 16368
STATS 10 776 EMBER 0 224083 224083 16368
STATS 10 805 EMBER 0 228029 228029 16368
STATS 10 773 EMBER 0 227997 227997 16368
STATS 10 789 EMBER 0 224033 224033 16368
STATS 10 781 EMBER 0 227135 227135 16368
STATS 10 829 EMBER 0 230583 230583 16368
STATS 10 825 EMBER 0 222094 222094 16368
STATS 10 403 EMBER 0 231628 231628 16368
STATS 10 38 EMBER 0 226803 226803 16368
STATS 10 646 EMBER 0 226226 226226 16368
STATS 10 682 EMBER 0 223236 223236 16368
STATS 10 642 EMBER 0 235777 235777 16368
STATS 10 1018 EMBER 0 223599 223599 16368
STATS 10 1022 EMBER 0 232812 232812 16368
STATS 10 962 EMBER 0 236606 236606 16368
STATS 10 785 EMBER 0 236732 236732 16368
STATS 10 797 EMBER 0 230440 230440 16368
STATS 10 813 EMBER 0 227352 227352 16368
STATS 10 793 EMBER 0 222006 222006 16368
STATS 10 817 EMBER 0 236799 236799 16368
STATS 10 809 EMBER 0 223098 223098 16368
STATS 10 442 EMBER 0 223624 223624 16368
STATS 10 388 EMBER 0 231022 231022 16368
STATS 10 386 EMBER 0 236256 236256 16368
STATS 10 22 EMBER 0 223433 223433 16368
STATS 10 46 EMBER 0 232289 232289 16368
STATS 10 42 EMBER 0 223935 223935 16368
STATS 10 14 EMBER 0 232262 232262 16368
STATS 10 298 EMBER 0 223605 223605 16368
STATS 10 306 EMBER 0 234572 234572 16368
STATS 10 270 EMBER 0 232135 232135 16368
STATS 10 618 EMBER 0 223478 223478 16368
STATS 10 614 EMBER 0 226350 226350 16368
STATS 10 206 EMBER 0 232153 232153 16368
STATS 10 254 EMBER 0 232608 232608 16368
STATS 10 202 EMBER 0 223669 223669 16368
STATS 10 558 EMBER 0 232220 232220 16368
STATS 10 530 EMBER 0 234830 234830 16368
STATS 10 534 EMBER 0 223536 223536 16368
STATS 10 546 EMBER 0 236392 236392 16368
STATS 10 462 EMBER 0 232248 232248 16368
STATS 10 506 EMBER 0 223792 223792 16368
STATS 10 510 EMBER 0 232834 232834 16368
STATS 10 472 EMBER 0 222376 222376 16368
STATS 10 734 EMBER 0 231910 231910 16368
STATS 10 707 EMBER 0 233815 233815 16368
STATS 10 754 EMBER 0 234141 234141 16368
STATS 10 70 EMBER 0 226878 226878 16368
STATS 10 922 EMBER 0 223547 223547 16368
STATS 10 950 EMBER 0 223590 223590 16368
STATS 10 910 EMBER 0 232325 232325 16368
STATS 10 948 EMBER 0 227741 227741 16368
STATS 10 856 EMBER 0 221932 221932 16368
STATS 10 838 EMBER 0 226313 226313 16368
STATS 10 176 EMBER 0 237690 237690 16368
STATS 10 140 EMBER 0 225828 225828 16368
STATS 10 132 EMBER 0 231239 231239 16368
STATS 10 382 EMBER 0 232697 232697 16368
STATS 10 342 EMBER 0 223354 223354 16368
STATS 10 769 EMBER 0 237160 237160 16368
STATS 10 801 EMBER 0 237308 237308 16368
STATS 10 821 EMBER 0 224138 224138 16368
STATS 10 777 EMBER 0 223007 223007 16368
STATS 10 438 EMBER 0 223502 223502 16368
STATS 10 394 EMBER 0 223847 223847 16368
STATS 10 10 EMBER 0 223896 223896 16368
STATS 10 286 EMBER 0 232614 232614 16368
STATS 10 590 EMBER 0 231995 231995 16368
STATS 10 586 EMBER 0 223770 223770 16368
STATS 10 210 EMBER 0 234651 234651 16368
STATS 10 238 EMBER 0 232139 232139 16368
STATS 10 574 EMBER 0 232802 232802 16368
STATS 10 538 EMBER 0 223802 223802 16368
STATS 10 464 EMBER 0 237688 237688 16368
STATS 10 448 EMBER 0 238166 238166 16368
STATS 10 500 EMBER 0 227703 227703 16368
STATS 10 468 EMBER 0 227632 227632 16368
STATS 10 764 EMBER 0 228232 228232 16368
STATS 10 762 EMBER 0 222940 222940 16368
STATS 10 722 EMBER 0 234165 234165 16368
STATS 10 126 EMBER 0 232844 232844 16368
STATS 10 94 EMBER 0 232823 232823 16368
STATS 10 908 EMBER 0 225910 225910 16368
STATS 10 930 EMBER 0 236689 236689 16368
STATS 10 954 EMBER 0 223728 223728 16368
STATS 10 928 EMBER 0 238328 238328 16368
STATS 10 834 EMBER 0 235896 235896 16368
STATS 10 890 EMBER 0 223364 223364 16368
STATS 10 164 EMBER 0 231115 231115 16368
STATS 10 133 EMBER 0 228793 228793 16368
STATS 10 188 EMBER 0 229121 229121 16368
STATS 10 148 EMBER 0 227649 227649 16368
STATS 10 330 EMBER 0 223620 223620 16368
STATS 10 356 EMBER 0 231090 231090 16368
STATS 10 376 EMBER 0 222175 222175 16368
STATS 10 690 EMBER 0 234157 234157 16368
STATS 10 698 EMBER 0 222926 222926 16368
STATS 10 978 EMBER 0 234883 234883 16368
STATS 10 894 EMBER 0 232551 232551 16368
STATS 10 862 EMBER 0 232286 232286 16368
STATS 10 136 EMBER 0 224925 224925 16368
STATS 10 160 EMBER 0 238079 238079 16368
STATS 10 172 EMBER 0 225707 225707 16368
STATS 10 156 EMBER 0 229213 229213 16368
STATS 10 180 EMBER 0 227683 227683 16368
STATS 10 368 EMBER 0 237548 237548 16368
STATS 10 360 EMBER 0 224497 224497 16368
STATS 10 372 EMBER 0 227563 227563 16368
STATS 10 658 EMBER 0 234187 234187 16368
STATS 10 674 EMBER 0 235590 235590 16368
STATS 10 652 EMBER 0 225126 225126 16368
STATS 10 974 EMBER 0 232310 232310 16368
STATS 10 998 EMBER 0 226871 226871 16368
STATS 10 972 EMBER 0 225771 225771 16368
STATS 10 1008 EMBER 0 237728 237728 16368
STATS 10 968 EMBER 0 224872 224872 16368
Nic 831 received 62403 bytes
Nic 799 received 62403 bytes
Nic 811 received 62403 bytes
STATS 10 406 EMBER 0 223432 223432 16368
STATS 10 446 EMBER 0 232785 232785 16368
STATS 10 412 EMBER 0 229064 229064 16368
STATS 10 54 EMBER 0 223429 223429 16368
STATS 10 30 EMBER 0 232753 232753 16368
STATS 10 260 EMBER 0 230924 230924 16368
STATS 10 288 EMBER 0 237773 237773 16368
STATS 10 622 EMBER 0 231770 231770 16368
STATS 10 584 EMBER 0 224653 224653 16368
STATS 10 194 EMBER 0 236175 236175 16368
STATS 10 240 EMBER 0 237541 237541 16368
STATS 10 550 EMBER 0 226882 226882 16368
STATS 10 554 EMBER 0 223991 223991 16368
STATS 10 496 EMBER 0 237714 237714 16368
STATS 10 484 EMBER 0 231362 231362 16368
STATS 10 750 EMBER 0 231486 231486 16368
STATS 10 758 EMBER 0 222915 222915 16368
STATS 10 78 EMBER 0 232272 232272 16368
STATS 10 82 EMBER 0 234830 234830 16368
STATS 10 902 EMBER 0 226882 226882 16368
STATS 10 938 EMBER 0 224122 224122 16368
STATS 10 664 EMBER 0 221875 221875 16368
STATS 10 660 EMBER 0 227330 227330 16368
STATS 10 980 EMBER 0 227634 227634 16368
STATS 10 964 EMBER 0 231372 231372 16368
STATS 10 992 EMBER 0 238201 238201 16368
Nic 827 received 62403 bytes
Nic 779 received 62403 bytes
Nic 807 received 62403 bytes
STATS 10 408 EMBER 0 222216 222216 16368
STATS 10 424 EMBER 0 224682 224682 16368
STATS 10 432 EMBER 0 237670 237670 16368
STATS 10 6 EMBER 0 226804 226804 16368
STATS 10 18 EMBER 0 234791 234791 16368
STATS 10 272 EMBER 0 237528 237528 16368
STATS 10 264 EMBER 0 224383 224383 16368
STATS 10 276 EMBER 0 227486 227486 16368
STATS 10 594 EMBER 0 234451 234451 16368
STATS 10 602 EMBER 0 223420 223420 16368
STATS 10 582 EMBER 0 226543 226543 16368
STATS 10 604 EMBER 0 228882 228882 16368
STATS 10 232 EMBER 0 224392 224392 16368
STATS 10 224 EMBER 0 237875 237875 16368
STATS 10 568 EMBER 0 222225 222225 16368
STATS 10 456 EMBER 0 224750 224750 16368
STATS 10 480 EMBER 0 238191 238191 16368
STATS 10 494 EMBER 0 232349 232349 16368
STATS 10 714 EMBER 0 223090 223090 16368
STATS 10 742 EMBER 0 225959 225959 16368
STATS 10 104 EMBER 0 225004 225004 16368
STATS 10 64 EMBER 0 238222 238222 16368
STATS 10 917 EMBER 0 224517 224517 16368
STATS 10 936 EMBER 0 224926 224926 16368
STATS 10 904 EMBER 0 224783 224783 16368
STATS 10 932 EMBER 0 231445 231445 16368
STATS 10 846 EMBER 0 232011 232011 16368
STATS 10 882 EMBER 0 234814 234814 16368
STATS 10 152 EMBER 0 222415 222415 16368
STATS 10 168 EMBER 0 224695 224695 16368
STATS 10 128 EMBER 0 238265 238265 16368
STATS 10 336 EMBER 0 237552 237552 16368
STATS 10 324 EMBER 0 231012 231012 16368
STATS 10 364 EMBER 0 225660 225660 16368
STATS 10 560 EMBER 0 237612 237612 16368
STATS 10 516 EMBER 0 231389 231389 16368
STATS 10 540 EMBER 0 229207 229207 16368
STATS 10 488 EMBER 0 224816 224816 16368
STATS 10 453 EMBER 0 228702 228702 16368
STATS 10 728 EMBER 0 221615 221615 16368
STATS 10 740 EMBER 0 230343 230343 16368
STATS 10 729 EMBER 0 221933 221933 16368
STATS 10 724 EMBER 0 227186 227186 16368
STATS 10 72 EMBER 0 224858 224858 16368
STATS 10 84 EMBER 0 227645 227645 16368
STATS 10 956 EMBER 0 229294 229294 16368
STATS 10 920 EMBER 0 222415 222415 16368
STATS 10 864 EMBER 0 238041 238041 16368
STATS 10 870 EMBER 0 226626 226626 16368
STATS 10 884 EMBER 0 227821 227821 16368
STATS 10 144 EMBER 0 237807 237807 16368
STATS 10 177 EMBER 0 237376 237376 16368
STATS 10 141 EMBER 0 227839 227839 16368
STATS 10 348 EMBER 0 228976 228976 16368
STATS 10 320 EMBER 0 237867 237867 16368
STATS 10 344 EMBER 0 222138 222138 16368
STATS 10 684 EMBER 0 225021 225021 16368
STATS 10 692 EMBER 0 227278 227278 16368
STATS 10 668 EMBER 0 228463 228463 16368
STATS 10 1012 EMBER 0 227590 227590 16368
STATS 10 993 EMBER 0 238011 238011 16368
STATS 10 988 EMBER 0 229279 229279 16368
Nic 775 received 62403 bytes
Nic 787 received 62403 bytes
Nic 803 received 62403 bytes
Nic 791 received 62403 bytes
Nic 823 received 62403 bytes
Nic 783 received 62403 bytes
Nic 795 received 62403 bytes
STATS 10 425 EMBER 0 223916 223916 16368
STATS 10 428 EMBER 0 225858 225858 16368
STATS 10 420 EMBER 0 231136 231136 16368
STATS 10 58 EMBER 0 223652 223652 16368
STATS 10 34 EMBER 0 236433 236433 16368
STATS 10 256 EMBER 0 237875 237875 16368
STATS 10 280 EMBER 0 222179 222179 16368
STATS 10 312 EMBER 0 222180 222180 16368
STATS 10 281 EMBER 0 222358 222358 16368
STATS 10 628 EMBER 0 227469 227469 16368
STATS 10 624 EMBER 0 237160 237160 16368
STATS 10 228 EMBER 0 230957 230957 16368
STATS 10 216 EMBER 0 222253 222253 16368
STATS 10 212 EMBER 0 227554 227554 16368
STATS 10 248 EMBER 0 222168 222168 16368
STATS 10 1000 EMBER 0 224796 224796 16368
STATS 10 989 EMBER 0 231376 231376 16368
STATS 10 1020 EMBER 0 229200 229200 16368
Nic 819 received 62403 bytes
Nic 815 received 62403 bytes
Nic 771 received 62403 bytes
STATS 10 416 EMBER 0 238076 238076 16368
STATS 10 402 EMBER 0 234618 234618 16368
STATS 10 0 EMBER 0 238146 238146 16368
STATS 10 48 EMBER 0 237712 237712 16368
STATS 10 292 EMBER 0 230925 230925 16368
STATS 10 316 EMBER 0 228919 228919 16368
STATS 10 300 EMBER 0 225557 225557 16368
STATS 10 608 EMBER 0 237557 237557 16368
STATS 10 576 EMBER 0 237710 237710 16368
STATS 10 220 EMBER 0 229030 229030 16368
STATS 10 196 EMBER 0 231005 231005 16368
STATS 10 564 EMBER 0 227671 227671 16368
STATS 10 476 EMBER 0 229128 229128 16368
STATS 10 460 EMBER 0 225931 225931 16368
STATS 10 744 EMBER 0 224032 224032 16368
STATS 10 725 EMBER 0 223992 223992 16368
STATS 10 745 EMBER 0 223054 223054 16368
STATS 10 88 EMBER 0 222377 222377 16368
STATS 10 100 EMBER 0 231358 231358 16368
STATS 10 116 EMBER 0 227655 227655 16368
STATS 10 946 EMBER 0 234980 234980 16368
STATS 10 898 EMBER 0 236434 236434 16368
STATS 10 949 EMBER 0 224472 224472 16368
STATS 10 849 EMBER 0 237041 237041 16368
STATS 10 876 EMBER 0 225627 225627 16368
STATS 10 872 EMBER 0 224508 224508 16368
STATS 10 184 EMBER 0 222404 222404 16368
STATS 10 165 EMBER 0 228603 228603 16368
STATS 10 189 EMBER 0 231100 231100 16368
STATS 10 352 EMBER 0 237929 237929 16368
STATS 10 332 EMBER 0 225643 225643 16368
STATS 10 380 EMBER 0 229060 229060 16368
STATS 10 340 EMBER 0 227534 227534 16368
STATS 10 700 EMBER 0 228321 228321 16368
STATS 10 909 EMBER 0 227974 227974 16368
STATS 10 926 EMBER 0 232702 232702 16368
STATS 10 952 EMBER 0 222497 222497 16368
STATS 10 854 EMBER 0 223232 223232 16368
STATS 10 840 EMBER 0 224325 224325 16368
STATS 10 857 EMBER 0 222212 222212 16368
STATS 10 149 EMBER 0 224446 224446 16368
STATS 10 137 EMBER 0 224129 224129 16368
STATS 10 328 EMBER 0 224473 224473 16368
STATS 10 357 EMBER 0 228464 228464 16368
STATS 10 377 EMBER 0 222511 222511 16368
STATS 10 676 EMBER 0 230460 230460 16368
STATS 10 648 EMBER 0 224179 224179 16368
STATS 10 960 EMBER 0 238206 238206 16368
STATS 10 976 EMBER 0 237837 237837 16368
STATS 10 984 EMBER 0 222427 222427 16368
Nic 824 received 62403 bytes
STATS 10 440 EMBER 0 222248 222248 16368
STATS 10 389 EMBER 0 228515 228515 16368
STATS 10 384 EMBER 0 238022 238022 16368
STATS 10 60 EMBER 0 229227 229227 16368
STATS 10 24 EMBER 0 222319 222319 16368
STATS 10 296 EMBER 0 224419 224419 16368
STATS 10 304 EMBER 0 237511 237511 16368
STATS 10 268 EMBER 0 225583 225583 16368
STATS 10 284 EMBER 0 228985 228985 16368
STATS 10 261 EMBER 0 228404 228404 16368
STATS 10 289 EMBER 0 237680 237680 16368
STATS 10 616 EMBER 0 224427 224427 16368
STATS 10 612 EMBER 0 230749 230749 16368
STATS 10 244 EMBER 0 227511 227511 16368
STATS 10 204 EMBER 0 225656 225656 16368
STATS 10 252 EMBER 0 229020 229020 16368
STATS 10 512 EMBER 0 238264 238264 16368
STATS 10 520 EMBER 0 224949 224949 16368
STATS 10 524 EMBER 0 225923 225923 16368
STATS 10 504 EMBER 0 222360 222360 16368
STATS 10 508 EMBER 0 229200 229200 16368
STATS 10 473 EMBER 0 222748 222748 16368
STATS 10 465 EMBER 0 237456 237456 16368
STATS 10 449 EMBER 0 238021 238021 16368
STATS 10 706 EMBER 0 235527 235527 16368
STATS 10 752 EMBER 0 236947 236947 16368
STATS 10 112 EMBER 0 237821 237821 16368
STATS 10 120 EMBER 0 222451 222451 16368
STATS 10 836 EMBER 0 230751 230751 16368
STATS 10 832 EMBER 0 237734 237734 16368
STATS 10 888 EMBER 0 222229 222229 16368
STATS 10 161 EMBER 0 237860 237860 16368
STATS 10 173 EMBER 0 227701 227701 16368
STATS 10 157 EMBER 0 231201 231201 16368
STATS 10 369 EMBER 0 237258 237258 16368
STATS 10 361 EMBER 0 223742 223742 16368
STATS 10 644 EMBER 0 230606 230606 16368
STATS 10 680 EMBER 0 224061 224061 16368
STATS 10 640 EMBER 0 237405 237405 16368
STATS 10 973 EMBER 0 227823 227823 16368
STATS 10 996 EMBER 0 231283 231283 16368
Nic 825 received 62403 bytes
STATS 10 436 EMBER 0 227639 227639 16368
STATS 10 392 EMBER 0 224620 224620 16368
STATS 10 404 EMBER 0 227581 227581 16368
STATS 10 444 EMBER 0 229051 229051 16368
STATS 10 36 EMBER 0 231266 231266 16368
STATS 10 20 EMBER 0 227599 227599 16368
STATS 10 44 EMBER 0 225775 225775 16368
STATS 10 21 EMBER 0 224344 224344 16368
STATS 10 12 EMBER 0 225826 225826 16368
STATS 10 273 EMBER 0 237264 237264 16368
STATS 10 265 EMBER 0 223621 223621 16368
STATS 10 277 EMBER 0 224266 224266 16368
STATS 10 588 EMBER 0 225491 225491 16368
STATS 10 598 EMBER 0 223264 223264 16368
STATS 10 620 EMBER 0 225262 225262 16368
STATS 10 200 EMBER 0 224507 224507 16368
STATS 10 208 EMBER 0 237628 237628 16368
STATS 10 556 EMBER 0 225731 225731 16368
STATS 10 528 EMBER 0 237822 237822 16368
STATS 10 532 EMBER 0 227700 227700 16368
STATS 10 501 EMBER 0 224471 224471 16368
STATS 10 469 EMBER 0 224432 224432 16368
STATS 10 497 EMBER 0 237431 237431 16368
STATS 10 765 EMBER 0 230358 230358 16368
STATS 10 760 EMBER 0 221616 221616 16368
STATS 10 720 EMBER 0 236873 236873 16368
STATS 10 96 EMBER 0 238277 238277 16368
STATS 10 924 EMBER 0 229119 229119 16368
STATS 10 900 EMBER 0 231195 231195 16368
STATS 10 940 EMBER 0 225904 225904 16368
STATS 10 937 EMBER 0 224236 224236 16368
STATS 10 905 EMBER 0 224028 224028 16368
STATS 10 933 EMBER 0 228936 228936 16368
STATS 10 892 EMBER 0 228959 228959 16368
STATS 10 860 EMBER 0 228667 228667 16368
STATS 10 844 EMBER 0 225503 225503 16368
STATS 10 880 EMBER 0 237576 237576 16368
STATS 10 181 EMBER 0 224386 224386 16368
STATS 10 373 EMBER 0 224335 224335 16368
STATS 10 337 EMBER 0 237291 237291 16368
STATS 10 325 EMBER 0 228419 228419 16368
STATS 10 365 EMBER 0 227677 227677 16368
STATS 10 688 EMBER 0 236872 236872 16368
STATS 10 696 EMBER 0 221731 221731 16368
STATS 10 656 EMBER 0 237034 237034 16368
STATS 10 672 EMBER 0 237290 237290 16368
STATS 10 1009 EMBER 0 237411 237411 16368
STATS 10 969 EMBER 0 224149 224149 16368
STATS 10 981 EMBER 0 224402 224402 16368
STATS 10 965 EMBER 0 228859 228859 16368
Nic 826 received 62403 bytes
STATS 10 413 EMBER 0 231206 231206 16368
STATS 10 409 EMBER 0 222576 222576 16368
STATS 10 8 EMBER 0 224765 224765 16368
STATS 10 52 EMBER 0 227577 227577 16368
STATS 10 28 EMBER 0 229215 229215 16368
STATS 10 4 EMBER 0 231251 231251 16368
STATS 10 257 EMBER 0 237690 237690 16368
STATS 10 308 EMBER 0 227504 227504 16368
STATS 10 596 EMBER 0 227567 227567 16368
STATS 10 621 EMBER 0 227382 227382 16368
STATS 10 597 EMBER 0 224186 224186 16368
STATS 10 580 EMBER 0 230975 230975 16368
STATS 10 236 EMBER 0 225593 225593 16368
STATS 10 192 EMBER 0 237955 237955 16368
STATS 10 241 EMBER 0 237270 237270 16368
STATS 10 233 EMBER 0 223707 223707 16368
STATS 10 544 EMBER 0 238037 238037 16368
STATS 10 572 EMBER 0 229161 229161 16368
STATS 10 536 EMBER 0 222359 222359 16368
STATS 10 485 EMBER 0 228771 228771 16368
STATS 10 457 EMBER 0 224071 224071 16368
STATS 10 481 EMBER 0 238032 238032 16368
STATS 10 492 EMBER 0 225946 225946 16368
STATS 10 748 EMBER 0 225008 225008 16368
STATS 10 756 EMBER 0 227127 227127 16368
STATS 10 712 EMBER 0 224009 224009 16368
STATS 10 108 EMBER 0 225813 225813 16368
STATS 10 68 EMBER 0 231315 231315 16368
STATS 10 124 EMBER 0 229224 229224 16368
STATS 10 92 EMBER 0 229225 229225 16368
STATS 10 865 EMBER 0 237750 237750 16368
STATS 10 868 EMBER 0 230973 230973 16368
STATS 10 885 EMBER 0 224354 224354 16368
STATS 10 877 EMBER 0 227729 227729 16368
STATS 10 153 EMBER 0 222679 222679 16368
STATS 10 349 EMBER 0 231105 231105 16368
STATS 10 321 EMBER 0 237747 237747 16368
STATS 10 653 EMBER 0 227317 227317 16368
STATS 10 665 EMBER 0 222168 222168 16368
STATS 10 1004 EMBER 0 225823 225823 16368
Nic 796 received 62403 bytes
STATS 10 396 EMBER 0 225757 225757 16368
STATS 10 433 EMBER 0 237345 237345 16368
STATS 10 429 EMBER 0 227813 227813 16368
STATS 10 421 EMBER 0 228604 228604 16368
STATS 10 16 EMBER 0 237741 237741 16368
STATS 10 56 EMBER 0 222352 222352 16368
STATS 10 32 EMBER 0 238103 238103 16368
STATS 10 313 EMBER 0 222363 222363 16368
STATS 10 293 EMBER 0 228374 228374 16368
STATS 10 317 EMBER 0 231045 231045 16368
STATS 10 301 EMBER 0 227593 227593 16368
STATS 10 605 EMBER 0 230932 230932 16368
STATS 10 629 EMBER 0 224064 224064 16368
STATS 10 625 EMBER 0 236777 236777 16368
STATS 10 225 EMBER 0 237652 237652 16368
STATS 10 229 EMBER 0 228466 228466 16368
STATS 10 217 EMBER 0 222469 222469 16368
STATS 10 213 EMBER 0 224292 224292 16368
STATS 10 548 EMBER 0 231231 231231 16368
STATS 10 552 EMBER 0 224818 224818 16368
STATS 10 489 EMBER 0 224163 224163 16368
STATS 10 477 EMBER 0 231242 231242 16368
STATS 10 708 EMBER 0 230415 230415 16368
STATS 10 741 EMBER 0 227974 227974 16368
STATS 10 76 EMBER 0 225827 225827 16368
STATS 10 957 EMBER 0 231364 231364 16368
STATS 10 921 EMBER 0 222577 222577 16368
STATS 10 944 EMBER 0 237885 237885 16368
STATS 10 609 EMBER 0 237506 237506 16368
STATS 10 577 EMBER 0 237752 237752 16368
STATS 10 249 EMBER 0 222421 222421 16368
STATS 10 221 EMBER 0 231082 231082 16368
STATS 10 569 EMBER 0 222644 222644 16368
STATS 10 553 EMBER 0 224059 224059 16368
STATS 10 517 EMBER 0 228775 228775 16368
STATS 10 461 EMBER 0 227872 227872 16368
STATS 10 505 EMBER 0 222801 222801 16368
STATS 10 509 EMBER 0 231363 231363 16368
STATS 10 716 EMBER 0 225036 225036 16368
STATS 10 736 EMBER 0 237219 237219 16368
STATS 10 80 EMBER 0 237755 237755 16368
STATS 10 105 EMBER 0 224172 224172 16368
STATS 10 65 EMBER 0 238055 238055 16368
STATS 10 896 EMBER 0 238210 238210 16368
STATS 10 929 EMBER 0 238261 238261 16368
STATS 10 873 EMBER 0 223630 223630 16368
STATS 10 852 EMBER 0 227751 227751 16368
STATS 10 841 EMBER 0 223349 223349 16368
STATS 10 169 EMBER 0 223949 223949 16368
STATS 10 345 EMBER 0 222440 222440 16368
STATS 10 353 EMBER 0 237768 237768 16368
STATS 10 333 EMBER 0 227605 227605 16368
STATS 10 661 EMBER 0 223938 223938 16368
STATS 10 685 EMBER 0 227268 227268 16368
STATS 10 693 EMBER 0 223959 223959 16368
STATS 10 1013 EMBER 0 224330 224330 16368
STATS 10 1016 EMBER 0 222333 222333 16368
STATS 10 1001 EMBER 0 224015 224015 16368
Nic 828 received 62403 bytes
STATS 10 417 EMBER 0 237905 237905 16368
STATS 10 400 EMBER 0 237579 237579 16368
STATS 10 1 EMBER 0 237991 237991 16368
STATS 10 49 EMBER 0 237423 237423 16368
STATS 10 297 EMBER 0 223673 223673 16368
STATS 10 305 EMBER 0 237268 237268 16368
STATS 10 837 EMBER 0 228281 228281 16368
STATS 10 833 EMBER 0 237485 237485 16368
STATS 10 129 EMBER 0 237978 237978 16368
STATS 10 145 EMBER 0 237472 237472 16368
STATS 10 185 EMBER 0 222545 222545 16368
STATS 10 381 EMBER 0 231152 231152 16368
STATS 10 341 EMBER 0 224284 224284 16368
STATS 10 669 EMBER 0 230488 230488 16368
STATS 10 1021 EMBER 0 231265 231265 16368
STATS 10 961 EMBER 0 238096 238096 16368
Nic 829 received 62403 bytes
STATS 10 441 EMBER 0 222713 222713 16368
STATS 10 385 EMBER 0 237858 237858 16368
STATS 10 437 EMBER 0 224354 224354 16368
STATS 10 393 EMBER 0 223773 223773 16368
STATS 10 61 EMBER 0 231281 231281 16368
STATS 10 25 EMBER 0 222656 222656 16368
STATS 10 37 EMBER 0 228645 228645 16368
STATS 10 40 EMBER 0 224795 224795 16368
STATS 10 269 EMBER 0 227623 227623 16368
STATS 10 285 EMBER 0 231127 231127 16368
STATS 10 309 EMBER 0 224239 224239 16368
STATS 10 617 EMBER 0 223600 223600 16368
STATS 10 613 EMBER 0 228153 228153 16368
STATS 10 589 EMBER 0 227528 227528 16368
STATS 10 197 EMBER 0 228548 228548 16368
STATS 10 541 EMBER 0 231363 231363 16368
STATS 10 493 EMBER 0 227898 227898 16368
STATS 10 732 EMBER 0 228323 228323 16368
STATS 10 73 EMBER 0 224029 224029 16368
STATS 10 85 EMBER 0 224376 224376 16368
STATS 10 953 EMBER 0 222736 222736 16368
STATS 10 925 EMBER 0 231206 231206 16368
STATS 10 901 EMBER 0 228740 228740 16368
STATS 10 245 EMBER 0 224256 224256 16368
STATS 10 205 EMBER 0 227650 227650 16368
STATS 10 253 EMBER 0 231092 231092 16368
STATS 10 565 EMBER 0 224278 224278 16368
STATS 10 513 EMBER 0 238105 238105 16368
STATS 10 521 EMBER 0 224222 224222 16368
Nic 475 received 62403 bytes
Nic 455 received 62403 bytes
STATS 10 704 EMBER 0 237206 237206 16368
STATS 10 753 EMBER 0 236597 236597 16368
STATS 10 761 EMBER 0 221935 221935 16368
STATS 10 89 EMBER 0 222650 222650 16368
STATS 10 101 EMBER 0 228801 228801 16368
STATS 10 941 EMBER 0 227967 227967 16368
STATS 10 945 EMBER 0 237593 237593 16368
STATS 10 889 EMBER 0 222314 222314 16368
STATS 10 893 EMBER 0 230970 230970 16368
STATS 10 861 EMBER 0 230737 230737 16368
Nic 139 received 62403 bytes
Nic 147 received 62403 bytes
STATS 10 329 EMBER 0 223683 223683 16368
STATS 10 701 EMBER 0 230396 230396 16368
STATS 10 677 EMBER 0 227969 227969 16368
STATS 10 649 EMBER 0 223301 223301 16368
STATS 10 977 EMBER 0 237507 237507 16368
STATS 10 985 EMBER 0 222706 222706 16368
STATS 10 997 EMBER 0 228736 228736 16368
Nic 830 received 62403 bytes
STATS 10 405 EMBER 0 224372 224372 16368
STATS 10 445 EMBER 0 231254 231254 16368
STATS 10 397 EMBER 0 227756 227756 16368
STATS 10 45 EMBER 0 227771 227771 16368
STATS 10 13 EMBER 0 227756 227756 16368
Nic 263 received 62403 bytes
Nic 259 received 62403 bytes
Nic 275 received 62403 bytes
STATS 10 585 EMBER 0 223840 223840 16368
STATS 10 592 EMBER 0 237294 237294 16368
STATS 10 600 EMBER 0 222067 222067 16368
STATS 10 9 EMBER 0 224016 224016 16368
STATS 10 53 EMBER 0 224324 224324 16368
STATS 10 29 EMBER 0 231211 231211 16368
Nic 311 received 62403 bytes
Nic 299 received 62403 bytes
STATS 10 581 EMBER 0 228402 228402 16368
STATS 10 593 EMBER 0 236988 236988 16368
STATS 10 201 EMBER 0 223752 223752 16368
STATS 10 209 EMBER 0 237292 237292 16368
STATS 10 525 EMBER 0 227922 227922 16368
STATS 10 557 EMBER 0 227728 227728 16368
STATS 10 529 EMBER 0 237440 237440 16368
Nic 487 received 62403 bytes
Nic 459 received 62403 bytes
Nic 483 received 62403 bytes
Nic 463 received 62403 bytes
STATS 10 721 EMBER 0 236398 236398 16368
STATS 10 749 EMBER 0 227157 227157 16368
STATS 10 117 EMBER 0 224404 224404 16368
STATS 10 897 EMBER 0 237954 237954 16368
STATS 10 845 EMBER 0 227512 227512 16368
STATS 10 881 EMBER 0 237269 237269 16368
STATS 10 869 EMBER 0 228495 228495 16368
Nic 191 received 62403 bytes
Nic 167 received 62403 bytes
Nic 359 received 62403 bytes
Nic 375 received 62403 bytes
STATS 10 645 EMBER 0 228053 228053 16368
STATS 10 681 EMBER 0 223230 223230 16368
STATS 10 1005 EMBER 0 227746 227746 16368
Nic 784 received 62403 bytes
Nic 776 received 62403 bytes
STATS 10 401 EMBER 0 237262 237262 16368
STATS 10 641 EMBER 0 237292 237292 16368
STATS 10 1017 EMBER 0 222645 222645 16368
Nic 785 received 62403 bytes
Nic 439 received 62403 bytes
Nic 407 received 62403 bytes
STATS 10 5 EMBER 0 228653 228653 16368
STATS 10 17 EMBER 0 237370 237370 16368
STATS 10 57 EMBER 0 222654 222654 16368
Nic 307 received 62403 bytes
Nic 279 received 62403 bytes
STATS 10 601 EMBER 0 222413 222413 16368
STATS 10 237 EMBER 0 227642 227642 16368
STATS 10 533 EMBER 0 224420 224420 16368
STATS 10 545 EMBER 0 238018 238018 16368
Nic 507 received 62403 bytes
Nic 491 received 62403 bytes
Nic 511 received 62403 bytes
Nic 467 received 62403 bytes
STATS 10 757 EMBER 0 223993 223993 16368
STATS 10 113 EMBER 0 237512 237512 16368
STATS 10 121 EMBER 0 222658 222658 16368
Nic 923 received 62403 bytes
Nic 907 received 62403 bytes
STATS 10 853 EMBER 0 224166 224166 16368
Nic 171 received 62403 bytes
Nic 143 received 62403 bytes
Nic 351 received 62403 bytes
Nic 867 received 62403 bytes
Nic 843 received 62403 bytes
Nic 187 received 62403 bytes
Nic 131 received 62403 bytes
Nic 371 received 62403 bytes
Nic 379 received 62403 bytes
Nic 327 received 62403 bytes
STATS 10 689 EMBER 0 236437 236437 16368
STATS 10 697 EMBER 0 222027 222027 16368
Nic 1011 received 62403 bytes
Nic 975 received 62403 bytes
Nic 786 received 62403 bytes
Nic 387 received 62403 bytes
Nic 431 received 62403 bytes
STATS 10 33 EMBER 0 238025 238025 16368
STATS 10 41 EMBER 0 224009 224009 16368
Nic 287 received 62403 bytes
Nic 295 received 62403 bytes
Nic 635 received 62403 bytes
Nic 587 received 62403 bytes
STATS 10 193 EMBER 0 237745 237745 16368
STATS 10 573 EMBER 0 231259 231259 16368
STATS 10 537 EMBER 0 222851 222851 16368
STATS 10 549 EMBER 0 228696 228696 16368
Nic 471 received 62403 bytes
Nic 495 received 62403 bytes
STATS 10 713 EMBER 0 223094 223094 16368
STATS 10 709 EMBER 0 227968 227968 16368
STATS 10 97 EMBER 0 238089 238089 16368
STATS 10 109 EMBER 0 227827 227827 16368
Nic 931 received 62403 bytes
Nic 943 received 62403 bytes
Nic 323 received 62403 bytes
Nic 363 received 62403 bytes
STATS 10 657 EMBER 0 236651 236651 16368
STATS 10 673 EMBER 0 237221 237221 16368
Nic 1003 received 62403 bytes
Nic 804 received 62403 bytes
Nic 423 received 62403 bytes
Nic 399 received 62403 bytes
Nic 443 received 62403 bytes
Nic 7 received 62403 bytes
Nic 3 received 62403 bytes
Nic 271 received 62403 bytes
Nic 591 received 62403 bytes
Nic 615 received 62403 bytes
Nic 255 received 62403 bytes
STATS 10 561 EMBER 0 237211 237211 16368
Nic 456 received 62403 bytes
STATS 10 717 EMBER 0 227151 227151 16368
STATS 10 737 EMBER 0 237140 237140 16368
STATS 10 69 EMBER 0 228723 228723 16368
STATS 10 125 EMBER 0 231271 231271 16368
Nic 959 received 62403 bytes
Nic 911 received 62403 bytes
Nic 955 received 62403 bytes
Nic 935 received 62403 bytes
Nic 883 received 62403 bytes
Nic 863 received 62403 bytes
Nic 183 received 62403 bytes
STATS 10 93 EMBER 0 231286 231286 16368
STATS 10 77 EMBER 0 227776 227776 16368
Nic 903 received 62403 bytes
Nic 891 received 62403 bytes
Nic 887 received 62403 bytes
Nic 875 received 62403 bytes
Nic 155 received 62403 bytes
Nic 135 received 62403 bytes
Nic 367 received 62403 bytes
Nic 383 received 62403 bytes
Nic 699 received 62403 bytes
Nic 695 received 62403 bytes
Nic 1023 received 62403 bytes
Nic 995 received 62403 bytes
Nic 979 received 62403 bytes
Nic 805 received 62403 bytes
Nic 419 received 62403 bytes
Nic 447 received 62403 bytes
Nic 35 received 62403 bytes
Nic 63 received 62403 bytes
Nic 303 received 62403 bytes
Nic 267 received 62403 bytes
Nic 595 received 62403 bytes
Nic 619 received 62403 bytes
Nic 623 received 62403 bytes
Nic 199 received 62403 bytes
Nic 207 received 62403 bytes
Nic 515 received 62403 bytes
Nic 457 received 62403 bytes
STATS 10 733 EMBER 0 230405 230405 16368
Nic 458 received 62403 bytes
STATS 10 705 EMBER 0 237145 237145 16368
STATS 10 81 EMBER 0 237383 237383 16368
Nic 947 received 62403 bytes
Nic 879 received 62403 bytes
Nic 859 received 62403 bytes
Nic 159 received 62403 bytes
Nic 151 received 62403 bytes
Nic 343 received 62403 bytes
Nic 339 received 62403 bytes
Nic 679 received 62403 bytes
Nic 671 received 62403 bytes
Nic 667 received 62403 bytes
Nic 963 received 62403 bytes
Nic 1007 received 62403 bytes
Nic 777 received 62403 bytes
Nic 415 received 62403 bytes
Nic 411 received 62403 bytes
Nic 19 received 62403 bytes
Nic 55 received 62403 bytes
Nic 15 received 62403 bytes
Nic 319 received 62403 bytes
Nic 627 received 62403 bytes
Nic 611 received 62403 bytes
Nic 211 received 62403 bytes
Nic 527 received 62403 bytes
Nic 575 received 62403 bytes
Nic 519 received 62403 bytes
Nic 559 received 62403 bytes
Nic 551 received 62403 bytes
Nic 111 received 62403 bytes
Nic 927 received 62403 bytes
Nic 951 received 62403 bytes
Nic 871 received 62403 bytes
Nic 175 received 62403 bytes
Nic 331 received 62403 bytes
Nic 355 received 62403 bytes
Nic 651 received 62403 bytes
Nic 663 received 62403 bytes
Nic 675 received 62403 bytes
Nic 967 received 62403 bytes
Nic 1015 received 62403 bytes
Nic 806 received 62403 bytes
Nic 403 received 62403 bytes
Nic 427 received 62403 bytes
Nic 59 received 62403 bytes
Nic 27 received 62403 bytes
Nic 51 received 62403 bytes
Nic 283 received 62403 bytes
Nic 315 received 62403 bytes
Nic 291 received 62403 bytes
Nic 631 received 62403 bytes
Nic 583 received 62403 bytes
Nic 599 received 62403 bytes
Nic 243 received 62403 bytes
Nic 247 received 62403 bytes
Nic 547 received 62403 bytes
Nic 499 received 62403 bytes
Nic 503 received 62403 bytes
Nic 715 received 62403 bytes
Nic 755 received 62403 bytes
Nic 163 received 62403 bytes
Nic 335 received 62403 bytes
Nic 683 received 62403 bytes
Nic 687 received 62403 bytes
Nic 691 received 62403 bytes
Nic 1019 received 62403 bytes
Nic 792 received 62403 bytes
Nic 435 received 62403 bytes
Nic 47 received 62403 bytes
Nic 296 received 62403 bytes
Nic 639 received 62403 bytes
Nic 603 received 62403 bytes
Nic 607 received 62403 bytes
Nic 219 received 62403 bytes
Nic 195 received 62403 bytes
Nic 203 received 62403 bytes
Nic 539 received 62403 bytes
Nic 555 received 62403 bytes
Nic 535 received 62403 bytes
Nic 543 received 62403 bytes
Nic 451 received 62403 bytes
Nic 747 received 62403 bytes
Nic 723 received 62403 bytes
Nic 83 received 62403 bytes
Nic 91 received 62403 bytes
Nic 939 received 62403 bytes
Nic 835 received 62403 bytes
Nic 839 received 62403 bytes
Nic 297 received 62403 bytes
Nic 579 received 62403 bytes
Nic 223 received 62403 bytes
Nic 235 received 62403 bytes
Nic 563 received 62403 bytes
Nic 571 received 62403 bytes
Nic 567 received 62403 bytes
Nic 523 received 62403 bytes
Nic 484 received 62403 bytes
Nic 731 received 62403 bytes
Nic 711 received 62403 bytes
Nic 95 received 62403 bytes
Nic 67 received 62403 bytes
Nic 899 received 62403 bytes
Nic 915 received 62403 bytes
Nic 895 received 62403 bytes
Nic 851 received 62403 bytes
Nic 179 received 62403 bytes
Nic 347 received 62403 bytes
Nic 655 received 62403 bytes
Nic 647 received 62403 bytes
Nic 643 received 62403 bytes
Nic 987 received 62403 bytes
Nic 971 received 62403 bytes
Nic 780 received 62403 bytes
Nic 395 received 62403 bytes
Nic 23 received 62403 bytes
Nic 31 received 62403 bytes
Nic 43 received 62403 bytes
Nic 11 received 62403 bytes
Nic 531 received 62403 bytes
Nic 460 received 62403 bytes
Nic 727 received 62403 bytes
Nic 119 received 62403 bytes
Nic 75 received 62403 bytes
Nic 919 received 62403 bytes
Nic 855 received 62403 bytes
Nic 847 received 62403 bytes
Nic 132 received 62403 bytes
Nic 332 received 62403 bytes
Nic 703 received 62403 bytes
Nic 659 received 62403 bytes
Nic 991 received 62403 bytes
Nic 781 received 62403 bytes
Nic 396 received 62403 bytes
Nic 39 received 62403 bytes
Nic 298 received 62403 bytes
Nic 632 received 62403 bytes
Nic 215 received 62403 bytes
Nic 767 received 62403 bytes
Nic 107 received 62403 bytes
Nic 103 received 62403 bytes
Nic 940 received 62403 bytes
Nic 864 received 62403 bytes
Nic 133 received 62403 bytes
Nic 333 received 62403 bytes
Nic 692 received 62403 bytes
Nic 999 received 62403 bytes
Nic 983 received 62403 bytes
Nic 782 received 62403 bytes
Nic 397 received 62403 bytes
Nic 0 received 62403 bytes
Nic 276 received 62403 bytes
Nic 633 received 62403 bytes
Nic 239 received 62403 bytes
Nic 251 received 62403 bytes
Nic 556 received 62403 bytes
Nic 461 received 62403 bytes
Nic 865 received 62403 bytes
Nic 134 received 62403 bytes
Nic 334 received 62403 bytes
Nic 693 received 62403 bytes
Nic 1000 received 62403 bytes
Nic 820 received 62403 bytes
Nic 398 received 62403 bytes
Nic 1 received 62403 bytes
Nic 304 received 62403 bytes
Nic 634 received 62403 bytes
Nic 231 received 62403 bytes
Nic 557 received 62403 bytes
Nic 462 received 62403 bytes
Nic 735 received 62403 bytes
Nic 739 received 62403 bytes
Nic 115 received 62403 bytes
Nic 79 received 62403 bytes
Nic 941 received 62403 bytes
Nic 620 received 62403 bytes
Nic 227 received 62403 bytes
Nic 558 received 62403 bytes
Nic 479 received 62403 bytes
Nic 763 received 62403 bytes
Nic 71 received 62403 bytes
Nic 87 received 62403 bytes
Nic 942 received 62403 bytes
Nic 866 received 62403 bytes
Nic 188 received 62403 bytes
Nic 372 received 62403 bytes
Nic 694 received 62403 bytes
Nic 1001 received 62403 bytes
Nic 821 received 62403 bytes
Nic 391 received 62403 bytes
Nic 2 received 62403 bytes
Nic 305 received 62403 bytes
Nic 373 received 62403 bytes
Nic 668 received 62403 bytes
Nic 1002 received 62403 bytes
Nic 778 received 62403 bytes
Nic 388 received 62403 bytes
Nic 12 received 62403 bytes
Nic 306 received 62403 bytes
Nic 621 received 62403 bytes
Nic 252 received 62403 bytes
Nic 516 received 62403 bytes
Nic 476 received 62403 bytes
Nic 743 received 62403 bytes
Nic 127 received 62403 bytes
Nic 956 received 62403 bytes
Nic 888 received 62403 bytes
Nic 189 received 62403 bytes
Nic 260 received 62403 bytes
Nic 622 received 62403 bytes
Nic 248 received 62403 bytes
Nic 517 received 62403 bytes
Nic 452 received 62403 bytes
Nic 751 received 62403 bytes
Nic 759 received 62403 bytes
Nic 99 received 62403 bytes
Nic 957 received 62403 bytes
Nic 889 received 62403 bytes
Nic 190 received 62403 bytes
Nic 374 received 62403 bytes
Nic 669 received 62403 bytes
Nic 1020 received 62403 bytes
Nic 808 received 62403 bytes
Nic 404 received 62403 bytes
Nic 13 received 62403 bytes
Nic 890 received 62403 bytes
Nic 140 received 62403 bytes
Nic 348 received 62403 bytes
Nic 670 received 62403 bytes
Nic 1021 received 62403 bytes
Nic 788 received 62403 bytes
Nic 405 received 62403 bytes
Nic 14 received 62403 bytes
Nic 308 received 62403 bytes
Nic 636 received 62403 bytes
Nic 253 received 62403 bytes
Nic 518 received 62403 bytes
Nic 472 received 62403 bytes
Nic 707 received 62403 bytes
Nic 123 received 62403 bytes
Nic 958 received 62403 bytes
Nic 349 received 62403 bytes
Nic 684 received 62403 bytes
Nic 1022 received 62403 bytes
Nic 789 received 62403 bytes
Nic 406 received 62403 bytes
Nic 48 received 62403 bytes
Nic 292 received 62403 bytes
Nic 637 received 62403 bytes
Nic 228 received 62403 bytes
Nic 568 received 62403 bytes
Nic 492 received 62403 bytes
Nic 719 received 62403 bytes
Nic 64 received 62403 bytes
Nic 948 received 62403 bytes
Nic 840 received 62403 bytes
Nic 180 received 62403 bytes
Nic 65 received 62403 bytes
Nic 949 received 62403 bytes
Nic 856 received 62403 bytes
Nic 141 received 62403 bytes
Nic 350 received 62403 bytes
Nic 685 received 62403 bytes
Nic 972 received 62403 bytes
Nic 822 received 62403 bytes
Nic 420 received 62403 bytes
Nic 4 received 62403 bytes
Nic 293 received 62403 bytes
Nic 638 received 62403 bytes
Nic 249 received 62403 bytes
Nic 569 received 62403 bytes
Nic 488 received 62403 bytes
Nic 712 received 62403 bytes
Nic 421 received 62403 bytes
Nic 32 received 62403 bytes
Nic 294 received 62403 bytes
Nic 584 received 62403 bytes
Nic 250 received 62403 bytes
Nic 570 received 62403 bytes
Nic 480 received 62403 bytes
Nic 713 received 62403 bytes
Nic 66 received 62403 bytes
Nic 950 received 62403 bytes
Nic 857 received 62403 bytes
Nic 142 received 62403 bytes
Nic 364 received 62403 bytes
Nic 686 received 62403 bytes
Nic 973 received 62403 bytes
Nic 816 received 62403 bytes
Nic 800 received 62403 bytes
Nic 812 received 62403 bytes
Nic 648 received 62403 bytes
Nic 696 received 62403 bytes
Nic 974 received 62403 bytes
Nic 793 received 62403 bytes
Nic 422 received 62403 bytes
Nic 33 received 62403 bytes
Nic 284 received 62403 bytes
Nic 585 received 62403 bytes
Nic 216 received 62403 bytes
Nic 524 received 62403 bytes
Nic 493 received 62403 bytes
Nic 714 received 62403 bytes
Nic 88 received 62403 bytes
Nic 936 received 62403 bytes
Nic 858 received 62403 bytes
Nic 164 received 62403 bytes
Nic 376 received 62403 bytes
Nic 72 received 62403 bytes
Nic 937 received 62403 bytes
Nic 876 received 62403 bytes
Nic 165 received 62403 bytes
Nic 368 received 62403 bytes
Nic 672 received 62403 bytes
Nic 960 received 62403 bytes
Nic 813 received 62403 bytes
Nic 389 received 62403 bytes
Nic 34 received 62403 bytes
Nic 277 received 62403 bytes
Nic 586 received 62403 bytes
Nic 217 received 62403 bytes
Nic 525 received 62403 bytes
Nic 494 received 62403 bytes
Nic 708 received 62403 bytes
Nic 390 received 62403 bytes
Nic 52 received 62403 bytes
Nic 285 received 62403 bytes
Nic 588 received 62403 bytes
Nic 229 received 62403 bytes
Nic 526 received 62403 bytes
Nic 500 received 62403 bytes
Nic 709 received 62403 bytes
Nic 112 received 62403 bytes
Nic 938 received 62403 bytes
Nic 880 received 62403 bytes
Nic 166 received 62403 bytes
Nic 377 received 62403 bytes
Nic 697 received 62403 bytes
Nic 673 received 62403 bytes
Nic 964 received 62403 bytes
Nic 790 received 62403 bytes
Nic 881 received 62403 bytes
Nic 148 received 62403 bytes
Nic 152 received 62403 bytes
Nic 378 received 62403 bytes
Nic 698 received 62403 bytes
Nic 976 received 62403 bytes
Nic 814 received 62403 bytes
Nic 400 received 62403 bytes
Nic 53 received 62403 bytes
Nic 278 received 62403 bytes
Nic 589 received 62403 bytes
Nic 218 received 62403 bytes
Nic 512 received 62403 bytes
Nic 508 received 62403 bytes
Nic 710 received 62403 bytes
Nic 113 received 62403 bytes
Nic 920 received 62403 bytes
Nic 908 received 62403 bytes
Nic 882 received 62403 bytes
Nic 156 received 62403 bytes
Nic 356 received 62403 bytes
Nic 664 received 62403 bytes
Nic 992 received 62403 bytes
Nic 768 received 62403 bytes
Nic 401 received 62403 bytes
Nic 54 received 62403 bytes
Nic 286 received 62403 bytes
Nic 590 received 62403 bytes
Nic 230 received 62403 bytes
Nic 544 received 62403 bytes
Nic 464 received 62403 bytes
Nic 720 received 62403 bytes
Nic 114 received 62403 bytes
Nic 993 received 62403 bytes
Nic 769 received 62403 bytes
Nic 402 received 62403 bytes
Nic 60 received 62403 bytes
Nic 272 received 62403 bytes
Nic 624 received 62403 bytes
Nic 592 received 62403 bytes
Nic 240 received 62403 bytes
Nic 545 received 62403 bytes
Nic 468 received 62403 bytes
Nic 764 received 62403 bytes
Nic 104 received 62403 bytes
Nic 909 received 62403 bytes
Nic 884 received 62403 bytes
Nic 157 received 62403 bytes
Nic 320 received 62403 bytes
Nic 644 received 62403 bytes
Nic 892 received 62403 bytes
Nic 158 received 62403 bytes
Nic 380 received 62403 bytes
Nic 640 received 62403 bytes
Nic 994 received 62403 bytes
Nic 794 received 62403 bytes
Nic 408 received 62403 bytes
Nic 40 received 62403 bytes
Nic 256 received 62403 bytes
Nic 616 received 62403 bytes
Nic 200 received 62403 bytes
Nic 546 received 62403 bytes
Nic 504 received 62403 bytes
Nic 724 received 62403 bytes
Nic 105 received 62403 bytes
Nic 910 received 62403 bytes
Nic 106 received 62403 bytes
Nic 952 received 62403 bytes
Nic 872 received 62403 bytes
Nic 848 received 62403 bytes
Nic 168 received 62403 bytes
Nic 360 received 62403 bytes
Nic 656 received 62403 bytes
Nic 996 received 62403 bytes
Nic 772 received 62403 bytes
Nic 384 received 62403 bytes
Nic 44 received 62403 bytes
Nic 316 received 62403 bytes
Nic 628 received 62403 bytes
Nic 201 received 62403 bytes
Nic 548 received 62403 bytes
Nic 477 received 62403 bytes
Nic 725 received 62403 bytes
Nic 128 received 62403 bytes
Nic 369 received 62403 bytes
Nic 649 received 62403 bytes
Nic 988 received 62403 bytes
Nic 797 received 62403 bytes
Nic 444 received 62403 bytes
Nic 24 received 62403 bytes
Nic 317 received 62403 bytes
Nic 593 received 62403 bytes
Nic 254 received 62403 bytes
Nic 520 received 62403 bytes
Nic 481 received 62403 bytes
Nic 726 received 62403 bytes
Nic 68 received 62403 bytes
Nic 912 received 62403 bytes
Nic 832 received 62403 bytes
Nic 361 received 62403 bytes
Nic 674 received 62403 bytes
Nic 650 received 62403 bytes
Nic 1012 received 62403 bytes
Nic 817 received 62403 bytes
Nic 801 received 62403 bytes
Nic 445 received 62403 bytes
Nic 36 received 62403 bytes
Nic 318 received 62403 bytes
Nic 617 received 62403 bytes
Nic 625 received 62403 bytes
Nic 202 received 62403 bytes
Nic 549 received 62403 bytes
Nic 482 received 62403 bytes
Nic 752 received 62403 bytes
Nic 73 received 62403 bytes
Nic 913 received 62403 bytes
Nic 836 received 62403 bytes
Nic 868 received 62403 bytes
Nic 136 received 62403 bytes
Nic 1004 received 62403 bytes
Nic 798 received 62403 bytes
Nic 446 received 62403 bytes
Nic 41 received 62403 bytes
Nic 280 received 62403 bytes
Nic 594 received 62403 bytes
Nic 192 received 62403 bytes
Nic 550 received 62403 bytes
Nic 496 received 62403 bytes
Nic 704 received 62403 bytes
Nic 69 received 62403 bytes
Nic 914 received 62403 bytes
Nic 873 received 62403 bytes
Nic 144 received 62403 bytes
Nic 362 received 62403 bytes
Nic 660 received 62403 bytes
Nic 70 received 62403 bytes
Nic 896 received 62403 bytes
Nic 837 received 62403 bytes
Nic 160 received 62403 bytes
Nic 324 received 62403 bytes
Nic 676 received 62403 bytes
Nic 984 received 62403 bytes
Nic 770 received 62403 bytes
Nic 424 received 62403 bytes
Nic 42 received 62403 bytes
Nic 268 received 62403 bytes
Nic 608 received 62403 bytes
Nic 196 received 62403 bytes
Nic 536 received 62403 bytes
Nic 532 received 62403 bytes
Nic 497 received 62403 bytes
Nic 705 received 62403 bytes
Nic 80 received 62403 bytes
Nic 932 received 62403 bytes
Nic 838 received 62403 bytes
Nic 176 received 62403 bytes
Nic 352 received 62403 bytes
Nic 680 received 62403 bytes
Nic 652 received 62403 bytes
Nic 700 received 62403 bytes
Nic 1005 received 62403 bytes
Nic 818 received 62403 bytes
Nic 416 received 62403 bytes
Nic 20 received 62403 bytes
Nic 16 received 62403 bytes
Nic 312 received 62403 bytes
Nic 596 received 62403 bytes
Nic 197 received 62403 bytes
Nic 552 received 62403 bytes
Nic 448 received 62403 bytes
Nic 706 received 62403 bytes
Nic 852 received 62403 bytes
Nic 844 received 62403 bytes
Nic 181 received 62403 bytes
Nic 381 received 62403 bytes
Nic 688 received 62403 bytes
Nic 985 received 62403 bytes
Nic 809 received 62403 bytes
Nic 412 received 62403 bytes
Nic 56 received 62403 bytes
Nic 269 received 62403 bytes
Nic 313 received 62403 bytes
Nic 597 received 62403 bytes
Nic 241 received 62403 bytes
Nic 528 received 62403 bytes
Nic 498 received 62403 bytes
Nic 748 received 62403 bytes
Nic 116 received 62403 bytes
Nic 916 received 62403 bytes
Nic 661 received 62403 bytes
Nic 986 received 62403 bytes
Nic 810 received 62403 bytes
Nic 428 received 62403 bytes
Nic 45 received 62403 bytes
Nic 270 received 62403 bytes
Nic 314 received 62403 bytes
Nic 629 received 62403 bytes
Nic 198 received 62403 bytes
Nic 564 received 62403 bytes
Nic 501 received 62403 bytes
Nic 728 received 62403 bytes
Nic 117 received 62403 bytes
Nic 924 received 62403 bytes
Nic 860 received 62403 bytes
Nic 145 received 62403 bytes
Nic 370 received 62403 bytes
Nic 502 received 62403 bytes
Nic 756 received 62403 bytes
Nic 74 received 62403 bytes
Nic 944 received 62403 bytes
Nic 877 received 62403 bytes
Nic 146 received 62403 bytes
Nic 336 received 62403 bytes
Nic 662 received 62403 bytes
Nic 1016 received 62403 bytes
Nic 1008 received 62403 bytes
Nic 802 received 62403 bytes
Nic 429 received 62403 bytes
Nic 46 received 62403 bytes
Nic 300 received 62403 bytes
Nic 264 received 62403 bytes
Nic 598 received 62403 bytes
Nic 204 received 62403 bytes
Nic 572 received 62403 bytes
Nic 665 received 62403 bytes
Nic 980 received 62403 bytes
Nic 773 received 62403 bytes
Nic 430 received 62403 bytes
Nic 49 received 62403 bytes
Nic 309 received 62403 bytes
Nic 618 received 62403 bytes
Nic 208 received 62403 bytes
Nic 513 received 62403 bytes
Nic 453 received 62403 bytes
Nic 757 received 62403 bytes
Nic 118 received 62403 bytes
Nic 928 received 62403 bytes
Nic 893 received 62403 bytes
Nic 172 received 62403 bytes
Nic 353 received 62403 bytes
Nic 149 received 62403 bytes
Nic 337 received 62403 bytes
Nic 677 received 62403 bytes
Nic 981 received 62403 bytes
Nic 1006 received 62403 bytes
Nic 774 received 62403 bytes
Nic 440 received 62403 bytes
Nic 8 received 62403 bytes
Nic 310 received 62403 bytes
Nic 626 received 62403 bytes
Nic 232 received 62403 bytes
Nic 521 received 62403 bytes
Nic 529 received 62403 bytes
Nic 489 received 62403 bytes
Nic 449 received 62403 bytes
Nic 758 received 62403 bytes
Nic 120 received 62403 bytes
Nic 953 received 62403 bytes
Nic 885 received 62403 bytes
Nic 382 received 62403 bytes
Nic 678 received 62403 bytes
Nic 982 received 62403 bytes
Nic 441 received 62403 bytes
Nic 25 received 62403 bytes
Nic 288 received 62403 bytes
Nic 600 received 62403 bytes
Nic 233 received 62403 bytes
Nic 565 received 62403 bytes
Nic 509 received 62403 bytes
Nic 744 received 62403 bytes
Nic 108 received 62403 bytes
Nic 954 received 62403 bytes
Nic 869 received 62403 bytes
Nic 177 received 62403 bytes
Nic 442 received 62403 bytes
Nic 26 received 62403 bytes
Nic 261 received 62403 bytes
Nic 576 received 62403 bytes
Nic 234 received 62403 bytes
Nic 573 received 62403 bytes
Nic 505 received 62403 bytes
Nic 736 received 62403 bytes
Nic 76 received 62403 bytes
Nic 900 received 62403 bytes
Nic 833 received 62403 bytes
Nic 178 received 62403 bytes
Nic 357 received 62403 bytes
Nic 666 received 62403 bytes
Nic 968 received 62403 bytes
Nic 645 received 62403 bytes
Nic 969 received 62403 bytes
Nic 409 received 62403 bytes
Nic 28 received 62403 bytes
Nic 273 received 62403 bytes
Nic 604 received 62403 bytes
Nic 244 received 62403 bytes
Nic 574 received 62403 bytes
Nic 506 received 62403 bytes
Nic 760 received 62403 bytes
Nic 100 received 62403 bytes
Nic 904 received 62403 bytes
Nic 878 received 62403 bytes
Nic 184 received 62403 bytes
Nic 344 received 62403 bytes
Nic 834 received 62403 bytes
Nic 169 received 62403 bytes
Nic 358 received 62403 bytes
Nic 657 received 62403 bytes
Nic 970 received 62403 bytes
Nic 436 received 62403 bytes
Nic 5 received 62403 bytes
Nic 257 received 62403 bytes
Nic 577 received 62403 bytes
Nic 236 received 62403 bytes
Nic 560 received 62403 bytes
Nic 473 received 62403 bytes
Nic 729 received 62403 bytes
Nic 124 received 62403 bytes
Nic 905 received 62403 bytes
Nic 917 received 62403 bytes
Nic 933 received 62403 bytes
Nic 849 received 62403 bytes
Nic 182 received 62403 bytes
Nic 345 received 62403 bytes
Nic 658 received 62403 bytes
Nic 997 received 62403 bytes
Nic 410 received 62403 bytes
Nic 61 received 62403 bytes
Nic 258 received 62403 bytes
Nic 630 received 62403 bytes
Nic 220 received 62403 bytes
Nic 212 received 62403 bytes
Nic 553 received 62403 bytes
Nic 465 received 62403 bytes
Nic 761 received 62403 bytes
Nic 125 received 62403 bytes
Nic 653 received 62403 bytes
Nic 681 received 62403 bytes
Nic 701 received 62403 bytes
Nic 998 received 62403 bytes
Nic 432 received 62403 bytes
Nic 392 received 62403 bytes
Nic 57 received 62403 bytes
Nic 281 received 62403 bytes
Nic 578 received 62403 bytes
Nic 224 received 62403 bytes
Nic 533 received 62403 bytes
Nic 450 received 62403 bytes
Nic 730 received 62403 bytes
Nic 126 received 62403 bytes
Nic 934 received 62403 bytes
Nic 850 received 62403 bytes
Nic 129 received 62403 bytes
Nic 354 received 62403 bytes
Nic 338 received 62403 bytes
Nic 641 received 62403 bytes
Nic 961 received 62403 bytes
Nic 433 received 62403 bytes
Nic 62 received 62403 bytes
Nic 301 received 62403 bytes
Nic 612 received 62403 bytes
Nic 209 received 62403 bytes
Nic 522 received 62403 bytes
Nic 485 received 62403 bytes
Nic 716 received 62403 bytes
Nic 92 received 62403 bytes
Nic 897 received 62403 bytes
Nic 886 received 62403 bytes
Nic 153 received 62403 bytes
Nic 137 received 62403 bytes
Nic 161 received 62403 bytes
Nic 346 received 62403 bytes
Nic 682 received 62403 bytes
Nic 1009 received 62403 bytes
Nic 393 received 62403 bytes
Nic 21 received 62403 bytes
Nic 302 received 62403 bytes
Nic 580 received 62403 bytes
Nic 210 received 62403 bytes
Nic 530 received 62403 bytes
Nic 469 received 62403 bytes
Nic 740 received 62403 bytes
Nic 93 received 62403 bytes
Nic 921 received 62403 bytes
Nic 841 received 62403 bytes
Nic 265 received 62403 bytes
Nic 609 received 62403 bytes
Nic 205 received 62403 bytes
Nic 566 received 62403 bytes
Nic 510 received 62403 bytes
Nic 732 received 62403 bytes
Nic 94 received 62403 bytes
Nic 922 received 62403 bytes
Nic 853 received 62403 bytes
Nic 185 received 62403 bytes
Nic 365 received 62403 bytes
Nic 654 received 62403 bytes
Nic 989 received 62403 bytes
Nic 437 received 62403 bytes
Nic 17 received 62403 bytes
Nic 340 received 62403 bytes
Nic 689 received 62403 bytes
Nic 965 received 62403 bytes
Nic 434 received 62403 bytes
Nic 37 received 62403 bytes
Nic 266 received 62403 bytes
Nic 610 received 62403 bytes
Nic 206 received 62403 bytes
Nic 540 received 62403 bytes
Nic 474 received 62403 bytes
Nic 753 received 62403 bytes
Nic 96 received 62403 bytes
Nic 901 received 62403 bytes
Nic 845 received 62403 bytes
Nic 173 received 62403 bytes
Nic 97 received 62403 bytes
Nic 902 received 62403 bytes
Nic 894 received 62403 bytes
Nic 861 received 62403 bytes
Nic 174 received 62403 bytes
Nic 328 received 62403 bytes
Nic 690 received 62403 bytes
Nic 1017 received 62403 bytes
Nic 425 received 62403 bytes
Nic 18 received 62403 bytes
Nic 289 received 62403 bytes
Nic 613 received 62403 bytes
Nic 245 received 62403 bytes
Nic 561 received 62403 bytes
Nic 470 received 62403 bytes
Nic 466 received 62403 bytes
Nic 749 received 62403 bytes
Nic 842 received 62403 bytes
Nic 154 received 62403 bytes
Nic 321 received 62403 bytes
Nic 646 received 62403 bytes
Nic 977 received 62403 bytes
Nic 426 received 62403 bytes
Nic 29 received 62403 bytes
Nic 282 received 62403 bytes
Nic 581 received 62403 bytes
Nic 193 received 62403 bytes
Nic 554 received 62403 bytes
Nic 478 received 62403 bytes
Nic 750 received 62403 bytes
Nic 98 received 62403 bytes
Nic 898 received 62403 bytes
Nic 702 received 62403 bytes
Nic 962 received 62403 bytes
Nic 394 received 62403 bytes
Nic 50 received 62403 bytes
Nic 274 received 62403 bytes
Nic 582 received 62403 bytes
Nic 246 received 62403 bytes
Nic 537 received 62403 bytes
Nic 490 received 62403 bytes
Nic 733 received 62403 bytes
Nic 89 received 62403 bytes
Nic 929 received 62403 bytes
Nic 846 received 62403 bytes
Nic 130 received 62403 bytes
Nic 325 received 62403 bytes
Nic 326 received 62403 bytes
Nic 642 received 62403 bytes
Nic 1013 received 62403 bytes
Nic 438 received 62403 bytes
Nic 6 received 62403 bytes
Nic 262 received 62403 bytes
Nic 601 received 62403 bytes
Nic 194 received 62403 bytes
Nic 541 received 62403 bytes
Nic 454 received 62403 bytes
Nic 737 received 62403 bytes
Nic 90 received 62403 bytes
Nic 930 received 62403 bytes
Nic 854 received 62403 bytes
Nic 138 received 62403 bytes
Nic 925 received 62403 bytes
Nic 874 received 62403 bytes
Nic 150 received 62403 bytes
Nic 341 received 62403 bytes
Nic 1014 received 62403 bytes
Nic 385 received 62403 bytes
Nic 22 received 62403 bytes
Nic 290 received 62403 bytes
Nic 602 received 62403 bytes
Nic 237 received 62403 bytes
Nic 542 received 62403 bytes
Nic 486 received 62403 bytes
Nic 762 received 62403 bytes
Nic 84 received 62403 bytes
Nic 870 received 62403 bytes
Nic 162 received 62403 bytes
Nic 170 received 62403 bytes
Nic 342 received 62403 bytes
Nic 1010 received 62403 bytes
Nic 990 received 62403 bytes
Nic 386 received 62403 bytes
Nic 9 received 62403 bytes
Nic 605 received 62403 bytes
Nic 238 received 62403 bytes
Nic 514 received 62403 bytes
Nic 734 received 62403 bytes
Nic 85 received 62403 bytes
Nic 926 received 62403 bytes
Nic 366 received 62403 bytes
Nic 966 received 62403 bytes
Nic 417 received 62403 bytes
Nic 413 received 62403 bytes
Nic 58 received 62403 bytes
Nic 614 received 62403 bytes
Nic 221 received 62403 bytes
Nic 562 received 62403 bytes
Nic 738 received 62403 bytes
Nic 86 received 62403 bytes
Nic 918 received 62403 bytes
Nic 945 received 62403 bytes
Nic 862 received 62403 bytes
Nic 186 received 62403 bytes
Nic 1018 received 62403 bytes
Nic 418 received 62403 bytes
Nic 30 received 62403 bytes
Nic 606 received 62403 bytes
Nic 213 received 62403 bytes
Nic 534 received 62403 bytes
Nic 765 received 62403 bytes
Nic 121 received 62403 bytes
Nic 906 received 62403 bytes
Nic 329 received 62403 bytes
Nic 330 received 62403 bytes
Nic 978 received 62403 bytes
Nic 414 received 62403 bytes
Nic 38 received 62403 bytes
Nic 222 received 62403 bytes
Nic 538 received 62403 bytes
Nic 745 received 62403 bytes
Nic 122 received 62403 bytes
Nic 946 received 62403 bytes
Nic 81 received 62403 bytes
Nic 322 received 62403 bytes
Nic 10 received 62403 bytes
Nic 214 received 62403 bytes
Nic 754 received 62403 bytes
Nic 242 received 62403 bytes
Nic 766 received 62403 bytes
Nic 82 received 62403 bytes
Simulation is complete, simulated time: 258.202 us
Nic 225 received 62403 bytes
Nic 721 received 62403 bytes
Nic 101 received 62403 bytes
Nic 226 received 62403 bytes
Nic 722 received 62403 bytes
Nic 109 received 62403 bytes
Nic 746 received 62403 bytes
Nic 110 received 62403 bytes
Nic 717 received 62403 bytes
Nic 77 received 62403 bytes
Nic 741 received 62403 bytes
Nic 102 received 62403 bytes
Nic 718 received 62403 bytes
Nic 78 received 62403 bytes
Nic 742 received 62403 bytes
