EMBER: using param directory: paramFiles
EMBER: platform: default
EMBER: network: topology=dragonfly shape=17:32:512:2
EMBER: numNodes=1088 numNics=1088
override nicParams module=merlin.linkcontrol with merlin.reorderlinkcontrol
link_bw 400Gb/s
xbar_bw 800Gb/s
nic_link_bw 400Gb/s
EMBER: network: BW=400Gb/s pktSize=8192B flitSize=256B
EMBER: Job=10, nidList='0-1087'
EMBER: Motif='Init'
EMBER: Motif='AllPingPong messageSize=16'
EMBER: Motif='Fini'
Radix of routers is 64

intergroup_per_router: 16

intergroup_links: 512
Routing being used is minimal 

intergroup_per_router: 16

intergroup_links: 512

intergroup_per_router: 16

intergroup_links: 512

intergroup_per_router: 16

intergroup_links: 512

intergroup_per_router: 16

intergroup_links: 512

intergroup_per_router: 16

intergroup_links: 512

intergroup_per_router: 16

intergroup_links: 512

intergroup_per_router: 16

intergroup_links: 512
Routing being used is minimal 

intergroup_per_router: 16

intergroup_links: 512

intergroup_per_router: 16

intergroup_links: 512

intergroup_per_router: 16

intergroup_links: 512

intergroup_per_router: 16

intergroup_links: 512

intergroup_per_router: 16

intergroup_links: 512

intergroup_per_router: 16

intergroup_links: 512

intergroup_per_router: 16

intergroup_links: 512

intergroup_per_router: 16

intergroup_links: 512

intergroup_per_router: 16

intergroup_links: 512

intergroup_per_router: 16

intergroup_links: 512

intergroup_per_router: 16

intergroup_links: 512

intergroup_per_router: 16

intergroup_links: 512

intergroup_per_router: 16

intergroup_links: 512

intergroup_per_router: 16

intergroup_links: 512

intergroup_per_router: 16

intergroup_links: 512

intergroup_per_router: 16

intergroup_links: 512

intergroup_per_router: 16

intergroup_links: 512

intergroup_per_router: 16

intergroup_links: 512

intergroup_per_router: 16

intergroup_links: 512

intergroup_per_router: 16

intergroup_links: 512

intergroup_per_router: 16

intergroup_links: 512

intergroup_per_router: 16

intergroup_links: 512

intergroup_per_router: 16

intergroup_links: 512

intergroup_per_router: 16

intergroup_links: 512

intergroup_per_router: 16

intergroup_links: 512

intergroup_per_router: 16

intergroup_links: 512

intergroup_per_router: 16

intergroup_links: 512

intergroup_per_router: 16

intergroup_links: 512

intergroup_per_router: 16

intergroup_links: 512

intergroup_per_router: 16

intergroup_links: 512

intergroup_per_router: 16

intergroup_links: 512

intergroup_per_router: 16

intergroup_links: 512

intergroup_per_router: 16

intergroup_links: 512

intergroup_per_router: 16

intergroup_links: 512

intergroup_per_router: 16

intergroup_links: 512

intergroup_per_router: 16

intergroup_links: 512

intergroup_per_router: 16

intergroup_links: 512

intergroup_per_router: 16

intergroup_links: 512

intergroup_per_router: 16

intergroup_links: 512

intergroup_per_router: 16

intergroup_links: 512

intergroup_per_router: 16

intergroup_links: 512

intergroup_per_router: 16

intergroup_links: 512

intergroup_per_router: 16

intergroup_links: 512

intergroup_per_router: 16

intergroup_links: 512

intergroup_per_router: 16

intergroup_links: 512

intergroup_per_router: 16

intergroup_links: 512

intergroup_per_router: 16

intergroup_links: 512

intergroup_per_router: 16

intergroup_links: 512

intergroup_per_router: 16

intergroup_links: 512

intergroup_per_router: 16

intergroup_links: 512

intergroup_per_router: 16

intergroup_links: 512

intergroup_per_router: 16

intergroup_links: 512

intergroup_per_router: 16

intergroup_links: 512

intergroup_per_router: 16

intergroup_links: 512

intergroup_per_router: 16

intergroup_links: 512

intergroup_per_router: 16

intergroup_links: 512
AllPingPong: total time 1.091 us, loop 1, bufLen 16, latency 0.545 us. bandwidth 0.029331 GB/s
STATS 10 543 EMBER 0 110616 110616 17392
STATS 10 509 EMBER 0 121373 121373 17392
STATS 10 542 EMBER 0 110642 110642 17392
STATS 10 508 EMBER 0 121483 121483 17392
STATS 10 541 EMBER 0 110670 110670 17392
STATS 10 507 EMBER 0 121554 121554 17392
STATS 10 475 EMBER 0 134177 134177 17392
STATS 10 441 EMBER 0 148173 148173 17392
STATS 10 474 EMBER 0 134357 134357 17392
STATS 10 440 EMBER 0 148387 148387 17392
STATS 10 473 EMBER 0 134504 134504 17392
STATS 10 271 EMBER 0 183429 183429 17392
STATS 10 237 EMBER 0 169908 169908 17392
STATS 10 270 EMBER 0 183057 183057 17392
STATS 10 236 EMBER 0 169540 169540 17392
STATS 10 269 EMBER 0 182646 182646 17392
STATS 10 101 EMBER 0 164050 164050 17392
STATS 10 135 EMBER 0 157083 157083 17392
STATS 10 100 EMBER 0 164135 164135 17392
STATS 10 134 EMBER 0 157054 157054 17392
STATS 10 99 EMBER 0 164191 164191 17392
STATS 10 133 EMBER 0 157006 157006 17392
STATS 10 1087 EMBER 0 150126 150126 17392
STATS 10 1053 EMBER 0 156155 156155 17392
STATS 10 1086 EMBER 0 150168 150168 17392
STATS 10 1052 EMBER 0 156268 156268 17392
STATS 10 1085 EMBER 0 150193 150193 17392
STATS 10 67 EMBER 0 168542 168542 17392
STATS 10 33 EMBER 0 165470 165470 17392
STATS 10 66 EMBER 0 168472 168472 17392
STATS 10 32 EMBER 0 165557 165557 17392
STATS 10 65 EMBER 0 168432 168432 17392
STATS 10 781 EMBER 0 178925 178925 17392
STATS 10 815 EMBER 0 190616 190616 17392
STATS 10 780 EMBER 0 178570 178570 17392
STATS 10 814 EMBER 0 190198 190198 17392
STATS 10 779 EMBER 0 178222 178222 17392
STATS 10 339 EMBER 0 185116 185116 17392
STATS 10 305 EMBER 0 189761 189761 17392
STATS 10 338 EMBER 0 185453 185453 17392
STATS 10 304 EMBER 0 190032 190032 17392
STATS 10 337 EMBER 0 185751 185751 17392
STATS 10 303 EMBER 0 190327 190327 17392
STATS 10 407 EMBER 0 162113 162113 17392
STATS 10 373 EMBER 0 175041 175041 17392
STATS 10 406 EMBER 0 162340 162340 17392
STATS 10 372 EMBER 0 175312 175312 17392
STATS 10 405 EMBER 0 162575 162575 17392
STATS 10 371 EMBER 0 175538 175538 17392
STATS 10 747 EMBER 0 171768 171768 17392
STATS 10 713 EMBER 0 168209 168209 17392
STATS 10 746 EMBER 0 171541 171541 17392
STATS 10 712 EMBER 0 168058 168058 17392
STATS 10 745 EMBER 0 171241 171241 17392
STATS 10 917 EMBER 0 189289 189289 17392
STATS 10 951 EMBER 0 180827 180827 17392
STATS 10 916 EMBER 0 189469 189469 17392
STATS 10 950 EMBER 0 180979 180979 17392
STATS 10 915 EMBER 0 189652 189652 17392
STATS 10 203 EMBER 0 159559 159559 17392
STATS 10 169 EMBER 0 154928 154928 17392
STATS 10 202 EMBER 0 159201 159201 17392
STATS 10 168 EMBER 0 154717 154717 17392
STATS 10 201 EMBER 0 158829 158829 17392
STATS 10 645 EMBER 0 162974 162974 17392
STATS 10 679 EMBER 0 165434 165434 17392
STATS 10 644 EMBER 0 163122 163122 17392
STATS 10 678 EMBER 0 165396 165396 17392
STATS 10 643 EMBER 0 163222 163222 17392
STATS 10 883 EMBER 0 195613 195613 17392
STATS 10 849 EMBER 0 197778 197778 17392
STATS 10 882 EMBER 0 195831 195831 17392
STATS 10 848 EMBER 0 198069 198069 17392
STATS 10 881 EMBER 0 196047 196047 17392
STATS 10 611 EMBER 0 160781 160781 17392
STATS 10 577 EMBER 0 152763 152763 17392
STATS 10 610 EMBER 0 160987 160987 17392
STATS 10 576 EMBER 0 150978 150978 17392
STATS 10 609 EMBER 0 161139 161139 17392
STATS 10 1019 EMBER 0 163333 163333 17392
STATS 10 985 EMBER 0 171880 171880 17392
STATS 10 1018 EMBER 0 163498 163498 17392
STATS 10 984 EMBER 0 172001 172001 17392
STATS 10 524 EMBER 0 115705 115705 17392
STATS 10 490 EMBER 0 127768 127768 17392
STATS 10 523 EMBER 0 115741 115741 17392
STATS 10 489 EMBER 0 127873 127873 17392
STATS 10 522 EMBER 0 115777 115777 17392
STATS 10 488 EMBER 0 127973 127973 17392
STATS 10 521 EMBER 0 115847 115847 17392
STATS 10 487 EMBER 0 128023 128023 17392
STATS 10 520 EMBER 0 115856 115856 17392
STATS 10 486 EMBER 0 128128 128128 17392
STATS 10 519 EMBER 0 115885 115885 17392
STATS 10 485 EMBER 0 128199 128199 17392
STATS 10 518 EMBER 0 115936 115936 17392
STATS 10 439 EMBER 0 148542 148542 17392
STATS 10 456 EMBER 0 141508 141508 17392
STATS 10 422 EMBER 0 155544 155544 17392
STATS 10 455 EMBER 0 141663 141663 17392
STATS 10 421 EMBER 0 155709 155709 17392
STATS 10 454 EMBER 0 141788 141788 17392
STATS 10 420 EMBER 0 155853 155853 17392
STATS 10 453 EMBER 0 141904 141904 17392
STATS 10 235 EMBER 0 169082 169082 17392
STATS 10 252 EMBER 0 175772 175772 17392
STATS 10 218 EMBER 0 163318 163318 17392
STATS 10 251 EMBER 0 175317 175317 17392
STATS 10 217 EMBER 0 162834 162834 17392
STATS 10 250 EMBER 0 174798 174798 17392
STATS 10 216 EMBER 0 162338 162338 17392
STATS 10 249 EMBER 0 174209 174209 17392
STATS 10 215 EMBER 0 161816 161816 17392
STATS 10 248 EMBER 0 173617 173617 17392
STATS 10 214 EMBER 0 161324 161324 17392
STATS 10 247 EMBER 0 173005 173005 17392
STATS 10 213 EMBER 0 160748 160748 17392
STATS 10 82 EMBER 0 168038 168038 17392
STATS 10 116 EMBER 0 160400 160400 17392
STATS 10 81 EMBER 0 168026 168026 17392
STATS 10 115 EMBER 0 160448 160448 17392
STATS 10 80 EMBER 0 168032 168032 17392
STATS 10 114 EMBER 0 160487 160487 17392
STATS 10 79 EMBER 0 167965 167965 17392
STATS 10 113 EMBER 0 160525 160525 17392
STATS 10 78 EMBER 0 168301 168301 17392
STATS 10 112 EMBER 0 160473 160473 17392
STATS 10 77 EMBER 0 168613 168613 17392
STATS 10 111 EMBER 0 160443 160443 17392
STATS 10 1051 EMBER 0 156338 156338 17392
STATS 10 1068 EMBER 0 153061 153061 17392
STATS 10 1034 EMBER 0 159761 159761 17392
STATS 10 1067 EMBER 0 153052 153052 17392
STATS 10 1033 EMBER 0 159835 159835 17392
STATS 10 1066 EMBER 0 153007 153007 17392
STATS 10 1032 EMBER 0 159859 159859 17392
STATS 10 1065 EMBER 0 152960 152960 17392
STATS 10 1031 EMBER 0 159820 159820 17392
STATS 10 1064 EMBER 0 152830 152830 17392
STATS 10 1030 EMBER 0 159773 159773 17392
STATS 10 1063 EMBER 0 152700 152700 17392
STATS 10 1029 EMBER 0 159715 159715 17392
STATS 10 31 EMBER 0 165571 165571 17392
STATS 10 48 EMBER 0 168080 168080 17392
STATS 10 14 EMBER 0 162236 162236 17392
STATS 10 47 EMBER 0 168043 168043 17392
STATS 10 13 EMBER 0 162354 162354 17392
STATS 10 46 EMBER 0 168158 168158 17392
STATS 10 813 EMBER 0 189778 189778 17392
STATS 10 762 EMBER 0 174315 174315 17392
STATS 10 796 EMBER 0 183531 183531 17392
STATS 10 761 EMBER 0 173959 173959 17392
STATS 10 795 EMBER 0 183073 183073 17392
STATS 10 760 EMBER 0 173601 173601 17392
STATS 10 794 EMBER 0 182610 182610 17392
STATS 10 759 EMBER 0 173223 173223 17392
STATS 10 793 EMBER 0 182148 182148 17392
STATS 10 758 EMBER 0 172830 172830 17392
STATS 10 792 EMBER 0 181653 181653 17392
STATS 10 320 EMBER 0 188987 188987 17392
STATS 10 286 EMBER 0 188435 188435 17392
STATS 10 319 EMBER 0 189280 189280 17392
STATS 10 285 EMBER 0 188196 188196 17392
STATS 10 318 EMBER 0 189217 189217 17392
STATS 10 284 EMBER 0 187828 187828 17392
STATS 10 317 EMBER 0 189133 189133 17392
STATS 10 283 EMBER 0 187439 187439 17392
STATS 10 316 EMBER 0 189017 189017 17392
STATS 10 282 EMBER 0 186985 186985 17392
STATS 10 315 EMBER 0 188889 188889 17392
STATS 10 281 EMBER 0 186575 186575 17392
STATS 10 314 EMBER 0 188753 188753 17392
STATS 10 388 EMBER 0 169258 169258 17392
STATS 10 354 EMBER 0 181163 181163 17392
STATS 10 387 EMBER 0 169451 169451 17392
STATS 10 353 EMBER 0 181387 181387 17392
STATS 10 386 EMBER 0 169609 169609 17392
STATS 10 352 EMBER 0 181608 181608 17392
STATS 10 385 EMBER 0 169774 169774 17392
STATS 10 351 EMBER 0 181845 181845 17392
STATS 10 384 EMBER 0 169958 169958 17392
STATS 10 350 EMBER 0 181914 181914 17392
STATS 10 383 EMBER 0 170159 170159 17392
STATS 10 349 EMBER 0 181946 181946 17392
STATS 10 711 EMBER 0 167869 167869 17392
STATS 10 728 EMBER 0 169318 169318 17392
STATS 10 694 EMBER 0 166721 166721 17392
STATS 10 727 EMBER 0 169085 169085 17392
STATS 10 693 EMBER 0 166644 166644 17392
STATS 10 726 EMBER 0 168849 168849 17392
STATS 10 692 EMBER 0 166535 166535 17392
STATS 10 725 EMBER 0 168591 168591 17392
STATS 10 691 EMBER 0 166375 166375 17392
STATS 10 724 EMBER 0 168316 168316 17392
STATS 10 690 EMBER 0 166229 166229 17392
STATS 10 723 EMBER 0 168081 168081 17392
STATS 10 949 EMBER 0 181100 181100 17392
STATS 10 898 EMBER 0 193168 193168 17392
STATS 10 932 EMBER 0 185522 185522 17392
STATS 10 897 EMBER 0 193314 193314 17392
STATS 10 931 EMBER 0 185674 185674 17392
STATS 10 896 EMBER 0 193445 193445 17392
STATS 10 930 EMBER 0 185753 185753 17392
STATS 10 895 EMBER 0 193539 193539 17392
STATS 10 929 EMBER 0 185844 185844 17392
STATS 10 894 EMBER 0 193571 193571 17392
STATS 10 167 EMBER 0 154510 154510 17392
STATS 10 184 EMBER 0 155905 155905 17392
STATS 10 150 EMBER 0 154867 154867 17392
STATS 10 183 EMBER 0 155558 155558 17392
STATS 10 149 EMBER 0 154748 154748 17392
STATS 10 182 EMBER 0 155267 155267 17392
STATS 10 148 EMBER 0 154593 154593 17392
STATS 10 677 EMBER 0 165389 165389 17392
STATS 10 626 EMBER 0 162891 162891 17392
STATS 10 660 EMBER 0 164393 164393 17392
STATS 10 625 EMBER 0 162977 162977 17392
STATS 10 659 EMBER 0 164448 164448 17392
STATS 10 624 EMBER 0 163083 163083 17392
STATS 10 658 EMBER 0 164511 164511 17392
STATS 10 623 EMBER 0 163150 163150 17392
STATS 10 657 EMBER 0 164560 164560 17392
STATS 10 622 EMBER 0 162956 162956 17392
STATS 10 656 EMBER 0 164621 164621 17392
STATS 10 621 EMBER 0 162717 162717 17392
STATS 10 655 EMBER 0 164671 164671 17392
STATS 10 847 EMBER 0 198306 198306 17392
STATS 10 864 EMBER 0 198044 198044 17392
STATS 10 830 EMBER 0 195716 195716 17392
STATS 10 863 EMBER 0 198212 198212 17392
STATS 10 829 EMBER 0 195350 195350 17392
STATS 10 862 EMBER 0 198084 198084 17392
STATS 10 828 EMBER 0 194953 194953 17392
STATS 10 861 EMBER 0 197943 197943 17392
STATS 10 827 EMBER 0 194547 194547 17392
STATS 10 860 EMBER 0 197780 197780 17392
STATS 10 826 EMBER 0 194126 194126 17392
STATS 10 859 EMBER 0 197591 197591 17392
STATS 10 575 EMBER 0 150447 150447 17392
STATS 10 592 EMBER 0 159247 159247 17392
STATS 10 558 EMBER 0 137000 137000 17392
STATS 10 591 EMBER 0 159376 159376 17392
STATS 10 557 EMBER 0 136106 136106 17392
STATS 10 590 EMBER 0 159170 159170 17392
STATS 10 556 EMBER 0 135262 135262 17392
STATS 10 589 EMBER 0 158903 158903 17392
STATS 10 555 EMBER 0 134409 134409 17392
STATS 10 588 EMBER 0 158601 158601 17392
STATS 10 554 EMBER 0 133598 133598 17392
STATS 10 1017 EMBER 0 163614 163614 17392
STATS 10 983 EMBER 0 172093 172093 17392
STATS 10 1000 EMBER 0 167787 167787 17392
STATS 10 966 EMBER 0 176520 176520 17392
STATS 10 999 EMBER 0 167880 167880 17392
STATS 10 965 EMBER 0 176603 176603 17392
STATS 10 998 EMBER 0 167924 167924 17392
STATS 10 964 EMBER 0 176677 176677 17392
STATS 10 997 EMBER 0 167936 167936 17392
STATS 10 963 EMBER 0 176690 176690 17392
STATS 10 996 EMBER 0 167910 167910 17392
STATS 10 484 EMBER 0 128297 128297 17392
STATS 10 517 EMBER 0 115980 115980 17392
STATS 10 483 EMBER 0 128428 128428 17392
STATS 10 512 EMBER 0 116671 116671 17392
STATS 10 478 EMBER 0 129498 129498 17392
STATS 10 419 EMBER 0 155956 155956 17392
STATS 10 452 EMBER 0 142014 142014 17392
STATS 10 418 EMBER 0 156090 156090 17392
STATS 10 451 EMBER 0 142098 142098 17392
STATS 10 417 EMBER 0 156223 156223 17392
STATS 10 450 EMBER 0 142220 142220 17392
STATS 10 416 EMBER 0 156375 156375 17392
STATS 10 246 EMBER 0 172379 172379 17392
STATS 10 212 EMBER 0 160217 160217 17392
STATS 10 245 EMBER 0 171759 171759 17392
STATS 10 211 EMBER 0 159704 159704 17392
STATS 10 76 EMBER 0 168815 168815 17392
STATS 10 110 EMBER 0 160838 160838 17392
STATS 10 1062 EMBER 0 152590 152590 17392
STATS 10 1028 EMBER 0 159662 159662 17392
STATS 10 1061 EMBER 0 152491 152491 17392
STATS 10 1027 EMBER 0 159574 159574 17392
STATS 10 12 EMBER 0 162436 162436 17392
STATS 10 45 EMBER 0 168338 168338 17392
STATS 10 11 EMBER 0 162476 162476 17392
STATS 10 44 EMBER 0 168440 168440 17392
STATS 10 10 EMBER 0 162489 162489 17392
STATS 10 43 EMBER 0 168499 168499 17392
STATS 10 9 EMBER 0 162457 162457 17392
STATS 10 42 EMBER 0 168515 168515 17392
STATS 10 757 EMBER 0 172475 172475 17392
STATS 10 791 EMBER 0 181161 181161 17392
STATS 10 756 EMBER 0 172057 172057 17392
STATS 10 280 EMBER 0 186078 186078 17392
STATS 10 313 EMBER 0 188588 188588 17392
STATS 10 279 EMBER 0 185625 185625 17392
STATS 10 382 EMBER 0 170317 170317 17392
STATS 10 348 EMBER 0 181998 181998 17392
STATS 10 689 EMBER 0 166072 166072 17392
STATS 10 722 EMBER 0 167848 167848 17392
STATS 10 688 EMBER 0 165922 165922 17392
STATS 10 721 EMBER 0 167594 167594 17392
STATS 10 687 EMBER 0 165746 165746 17392
STATS 10 893 EMBER 0 193607 193607 17392
STATS 10 892 EMBER 0 193539 193539 17392
STATS 10 891 EMBER 0 193465 193465 17392
STATS 10 886 EMBER 0 193484 193484 17392
STATS 10 181 EMBER 0 154906 154906 17392
STATS 10 147 EMBER 0 154419 154419 17392
STATS 10 180 EMBER 0 154514 154514 17392
STATS 10 146 EMBER 0 154272 154272 17392
STATS 10 179 EMBER 0 154127 154127 17392
STATS 10 145 EMBER 0 154096 154096 17392
STATS 10 178 EMBER 0 153744 153744 17392
STATS 10 144 EMBER 0 153895 153895 17392
STATS 10 177 EMBER 0 153351 153351 17392
STATS 10 620 EMBER 0 162516 162516 17392
STATS 10 654 EMBER 0 164663 164663 17392
STATS 10 619 EMBER 0 162259 162259 17392
STATS 10 653 EMBER 0 164643 164643 17392
STATS 10 614 EMBER 0 161492 161492 17392
STATS 10 825 EMBER 0 193666 193666 17392
STATS 10 858 EMBER 0 197381 197381 17392
STATS 10 824 EMBER 0 193187 193187 17392
STATS 10 857 EMBER 0 197159 197159 17392
STATS 10 587 EMBER 0 158347 158347 17392
STATS 10 553 EMBER 0 132762 132762 17392
STATS 10 586 EMBER 0 158043 158043 17392
STATS 10 552 EMBER 0 131930 131930 17392
STATS 10 585 EMBER 0 157774 157774 17392
STATS 10 962 EMBER 0 176691 176691 17392
STATS 10 995 EMBER 0 167903 167903 17392
STATS 10 961 EMBER 0 176686 176686 17392
STATS 10 551 EMBER 0 131113 131113 17392
STATS 10 580 EMBER 0 155923 155923 17392
STATS 10 994 EMBER 0 167878 167878 17392
STATS 10 960 EMBER 0 176675 176675 17392
STATS 10 993 EMBER 0 167835 167835 17392
STATS 10 511 EMBER 0 116890 116890 17392
STATS 10 477 EMBER 0 129937 129937 17392
STATS 10 449 EMBER 0 142358 142358 17392
STATS 10 415 EMBER 0 156570 156570 17392
STATS 10 444 EMBER 0 143731 143731 17392
STATS 10 410 EMBER 0 158032 158032 17392
STATS 10 240 EMBER 0 168816 168816 17392
STATS 10 206 EMBER 0 157957 157957 17392
STATS 10 75 EMBER 0 168998 168998 17392
STATS 10 109 EMBER 0 161251 161251 17392
STATS 10 70 EMBER 0 169366 169366 17392
STATS 10 1056 EMBER 0 152191 152191 17392
STATS 10 1022 EMBER 0 159653 159653 17392
STATS 10 1055 EMBER 0 152155 152155 17392
STATS 10 1021 EMBER 0 159788 159788 17392
STATS 10 1054 EMBER 0 152300 152300 17392
STATS 10 8 EMBER 0 162375 162375 17392
STATS 10 41 EMBER 0 168510 168510 17392
STATS 10 7 EMBER 0 162262 162262 17392
STATS 10 790 EMBER 0 180692 180692 17392
STATS 10 755 EMBER 0 171615 171615 17392
STATS 10 789 EMBER 0 180168 180168 17392
STATS 10 308 EMBER 0 187982 187982 17392
STATS 10 274 EMBER 0 183248 183248 17392
STATS 10 307 EMBER 0 187916 187916 17392
STATS 10 273 EMBER 0 182774 182774 17392
STATS 10 306 EMBER 0 187795 187795 17392
STATS 10 381 EMBER 0 170483 170483 17392
STATS 10 347 EMBER 0 182014 182014 17392
STATS 10 376 EMBER 0 171534 171534 17392
STATS 10 716 EMBER 0 167558 167558 17392
STATS 10 682 EMBER 0 165795 165795 17392
STATS 10 715 EMBER 0 167675 167675 17392
STATS 10 681 EMBER 0 165762 165762 17392
STATS 10 885 EMBER 0 193509 193509 17392
STATS 10 884 EMBER 0 193532 193532 17392
STATS 10 928 EMBER 0 185921 185921 17392
STATS 10 143 EMBER 0 153811 153811 17392
STATS 10 172 EMBER 0 153458 153458 17392
STATS 10 138 EMBER 0 156051 156051 17392
STATS 10 648 EMBER 0 164279 164279 17392
STATS 10 613 EMBER 0 161380 161380 17392
STATS 10 823 EMBER 0 192692 192692 17392
STATS 10 852 EMBER 0 196273 196273 17392
STATS 10 818 EMBER 0 190278 190278 17392
STATS 10 851 EMBER 0 196156 196156 17392
STATS 10 817 EMBER 0 189861 189861 17392
STATS 10 850 EMBER 0 195986 195986 17392
STATS 10 510 EMBER 0 117329 117329 17392
STATS 10 476 EMBER 0 130385 130385 17392
STATS 10 513 EMBER 0 116502 116502 17392
STATS 10 443 EMBER 0 144119 144119 17392
STATS 10 409 EMBER 0 158380 158380 17392
STATS 10 442 EMBER 0 144522 144522 17392
STATS 10 239 EMBER 0 168260 168260 17392
STATS 10 205 EMBER 0 158186 158186 17392
STATS 10 238 EMBER 0 168463 168463 17392
STATS 10 204 EMBER 0 158436 158436 17392
STATS 10 104 EMBER 0 163340 163340 17392
STATS 10 69 EMBER 0 169324 169324 17392
STATS 10 103 EMBER 0 163752 163752 17392
STATS 10 1020 EMBER 0 159948 159948 17392
STATS 10 1057 EMBER 0 152244 152244 17392
STATS 10 36 EMBER 0 168215 168215 17392
STATS 10 2 EMBER 0 161826 161826 17392
STATS 10 35 EMBER 0 168185 168185 17392
STATS 10 1 EMBER 0 161710 161710 17392
STATS 10 750 EMBER 0 170352 170352 17392
STATS 10 784 EMBER 0 177778 177778 17392
STATS 10 272 EMBER 0 182332 182332 17392
STATS 10 309 EMBER 0 188088 188088 17392
STATS 10 310 EMBER 0 188199 188199 17392
STATS 10 342 EMBER 0 182367 182367 17392
STATS 10 375 EMBER 0 171784 171784 17392
STATS 10 341 EMBER 0 182476 182476 17392
STATS 10 714 EMBER 0 167723 167723 17392
STATS 10 680 EMBER 0 165701 165701 17392
STATS 10 887 EMBER 0 193446 193446 17392
STATS 10 927 EMBER 0 185969 185969 17392
STATS 10 171 EMBER 0 153801 153801 17392
STATS 10 137 EMBER 0 156491 156491 17392
STATS 10 170 EMBER 0 154143 154143 17392
STATS 10 647 EMBER 0 164175 164175 17392
STATS 10 612 EMBER 0 161307 161307 17392
STATS 10 646 EMBER 0 164041 164041 17392
STATS 10 816 EMBER 0 189446 189446 17392
STATS 10 546 EMBER 0 126724 126724 17392
STATS 10 579 EMBER 0 155274 155274 17392
STATS 10 545 EMBER 0 125882 125882 17392
STATS 10 578 EMBER 0 154461 154461 17392
STATS 10 544 EMBER 0 125102 125102 17392
STATS 10 959 EMBER 0 176687 176687 17392
STATS 10 988 EMBER 0 168309 168309 17392
STATS 10 514 EMBER 0 116301 116301 17392
STATS 10 515 EMBER 0 116140 116140 17392
STATS 10 516 EMBER 0 116046 116046 17392
STATS 10 525 EMBER 0 115651 115651 17392
STATS 10 479 EMBER 0 129133 129133 17392
STATS 10 408 EMBER 0 158746 158746 17392
STATS 10 445 EMBER 0 143378 143378 17392
STATS 10 446 EMBER 0 143029 143029 17392
STATS 10 241 EMBER 0 169416 169416 17392
STATS 10 242 EMBER 0 169984 169984 17392
STATS 10 243 EMBER 0 170562 170562 17392
STATS 10 207 EMBER 0 157712 157712 17392
STATS 10 244 EMBER 0 171140 171140 17392
STATS 10 68 EMBER 0 169377 169377 17392
STATS 10 102 EMBER 0 164128 164128 17392
STATS 10 1058 EMBER 0 152267 152267 17392
STATS 10 1059 EMBER 0 152343 152343 17392
STATS 10 1023 EMBER 0 159502 159502 17392
STATS 10 1060 EMBER 0 152418 152418 17392
STATS 10 1024 EMBER 0 159490 159490 17392
STATS 10 1069 EMBER 0 153026 153026 17392
STATS 10 1025 EMBER 0 159493 159493 17392
STATS 10 1070 EMBER 0 152967 152967 17392
STATS 10 34 EMBER 0 168111 168111 17392
STATS 10 0 EMBER 0 161444 161444 17392
STATS 10 749 EMBER 0 170535 170535 17392
STATS 10 783 EMBER 0 177328 177328 17392
STATS 10 748 EMBER 0 170699 170699 17392
STATS 10 782 EMBER 0 177533 177533 17392
STATS 10 311 EMBER 0 188304 188304 17392
STATS 10 312 EMBER 0 188461 188461 17392
STATS 10 321 EMBER 0 188678 188678 17392
STATS 10 374 EMBER 0 172001 172001 17392
STATS 10 340 EMBER 0 182587 182587 17392
STATS 10 683 EMBER 0 165798 165798 17392
STATS 10 717 EMBER 0 167422 167422 17392
STATS 10 888 EMBER 0 193445 193445 17392
STATS 10 926 EMBER 0 186010 186010 17392
STATS 10 889 EMBER 0 193403 193403 17392
STATS 10 925 EMBER 0 186029 186029 17392
STATS 10 136 EMBER 0 156918 156918 17392
STATS 10 615 EMBER 0 161588 161588 17392
STATS 10 853 EMBER 0 196443 196443 17392
STATS 10 854 EMBER 0 196602 196602 17392
STATS 10 855 EMBER 0 196762 196762 17392
STATS 10 581 EMBER 0 156421 156421 17392
STATS 10 954 EMBER 0 177387 177387 17392
STATS 10 987 EMBER 0 168450 168450 17392
STATS 10 953 EMBER 0 177569 177569 17392
STATS 10 986 EMBER 0 168631 168631 17392
STATS 10 526 EMBER 0 115562 115562 17392
STATS 10 480 EMBER 0 128935 128935 17392
STATS 10 447 EMBER 0 142724 142724 17392
STATS 10 411 EMBER 0 157706 157706 17392
STATS 10 448 EMBER 0 142517 142517 17392
STATS 10 208 EMBER 0 158198 158198 17392
STATS 10 253 EMBER 0 176224 176224 17392
STATS 10 209 EMBER 0 158688 158688 17392
STATS 10 254 EMBER 0 176580 176580 17392
STATS 10 210 EMBER 0 159178 159178 17392
STATS 10 71 EMBER 0 169359 169359 17392
STATS 10 72 EMBER 0 169358 169358 17392
STATS 10 105 EMBER 0 162931 162931 17392
STATS 10 106 EMBER 0 162541 162541 17392
STATS 10 107 EMBER 0 162158 162158 17392
STATS 10 108 EMBER 0 161748 161748 17392
STATS 10 117 EMBER 0 160325 160325 17392
STATS 10 1026 EMBER 0 159545 159545 17392
STATS 10 1035 EMBER 0 159675 159675 17392
STATS 10 1036 EMBER 0 159569 159569 17392
STATS 10 37 EMBER 0 168306 168306 17392
STATS 10 3 EMBER 0 161874 161874 17392
STATS 10 751 EMBER 0 170181 170181 17392
STATS 10 785 EMBER 0 178262 178262 17392
STATS 10 275 EMBER 0 183718 183718 17392
STATS 10 322 EMBER 0 188391 188391 17392
STATS 10 276 EMBER 0 184176 184176 17392
STATS 10 377 EMBER 0 171298 171298 17392
STATS 10 343 EMBER 0 182269 182269 17392
STATS 10 344 EMBER 0 182172 182172 17392
STATS 10 684 EMBER 0 165811 165811 17392
STATS 10 718 EMBER 0 167292 167292 17392
STATS 10 685 EMBER 0 165815 165815 17392
STATS 10 890 EMBER 0 193443 193443 17392
STATS 10 920 EMBER 0 186422 186422 17392
STATS 10 139 EMBER 0 155633 155633 17392
STATS 10 140 EMBER 0 155186 155186 17392
STATS 10 141 EMBER 0 154748 154748 17392
STATS 10 616 EMBER 0 161697 161697 17392
STATS 10 617 EMBER 0 161839 161839 17392
STATS 10 649 EMBER 0 164386 164386 17392
STATS 10 618 EMBER 0 162028 162028 17392
STATS 10 650 EMBER 0 164435 164435 17392
STATS 10 819 EMBER 0 190740 190740 17392
STATS 10 856 EMBER 0 196963 196963 17392
STATS 10 582 EMBER 0 156818 156818 17392
STATS 10 583 EMBER 0 157187 157187 17392
STATS 10 584 EMBER 0 157524 157524 17392
STATS 10 547 EMBER 0 127545 127545 17392
STATS 10 952 EMBER 0 177746 177746 17392
STATS 10 820 EMBER 0 191203 191203 17392
STATS 10 865 EMBER 0 197857 197857 17392
STATS 10 821 EMBER 0 191648 191648 17392
STATS 10 593 EMBER 0 159077 159077 17392
STATS 10 548 EMBER 0 128461 128461 17392
STATS 10 594 EMBER 0 158893 158893 17392
STATS 10 955 EMBER 0 177228 177228 17392
STATS 10 956 EMBER 0 177082 177082 17392
STATS 10 481 EMBER 0 128732 128732 17392
STATS 10 482 EMBER 0 128563 128563 17392
STATS 10 527 EMBER 0 111707 111707 17392
STATS 10 491 EMBER 0 127632 127632 17392
STATS 10 412 EMBER 0 157388 157388 17392
STATS 10 457 EMBER 0 141346 141346 17392
STATS 10 413 EMBER 0 157077 157077 17392
STATS 10 458 EMBER 0 141212 141212 17392
STATS 10 414 EMBER 0 156797 156797 17392
STATS 10 219 EMBER 0 163801 163801 17392
STATS 10 255 EMBER 0 174869 174869 17392
STATS 10 220 EMBER 0 164161 164161 17392
STATS 10 118 EMBER 0 160284 160284 17392
STATS 10 73 EMBER 0 169313 169313 17392
STATS 10 74 EMBER 0 169141 169141 17392
STATS 10 119 EMBER 0 160471 160471 17392
STATS 10 1071 EMBER 0 149114 149114 17392
STATS 10 1072 EMBER 0 149147 149147 17392
STATS 10 1073 EMBER 0 149175 149175 17392
STATS 10 4 EMBER 0 161949 161949 17392
STATS 10 5 EMBER 0 162025 162025 17392
STATS 10 38 EMBER 0 168386 168386 17392
STATS 10 752 EMBER 0 170521 170521 17392
STATS 10 786 EMBER 0 178734 178734 17392
STATS 10 277 EMBER 0 184637 184637 17392
STATS 10 278 EMBER 0 185117 185117 17392
STATS 10 287 EMBER 0 188672 188672 17392
STATS 10 323 EMBER 0 186108 186108 17392
STATS 10 378 EMBER 0 171056 171056 17392
STATS 10 345 EMBER 0 182092 182092 17392
STATS 10 379 EMBER 0 170838 170838 17392
STATS 10 346 EMBER 0 182033 182033 17392
STATS 10 719 EMBER 0 167086 167086 17392
STATS 10 686 EMBER 0 165772 165772 17392
STATS 10 720 EMBER 0 167334 167334 17392
STATS 10 899 EMBER 0 192995 192995 17392
STATS 10 919 EMBER 0 186518 186518 17392
STATS 10 918 EMBER 0 186626 186626 17392
STATS 10 173 EMBER 0 153115 153115 17392
STATS 10 174 EMBER 0 152851 152851 17392
STATS 10 142 EMBER 0 154279 154279 17392
STATS 10 627 EMBER 0 162782 162782 17392
STATS 10 651 EMBER 0 164524 164524 17392
STATS 10 628 EMBER 0 162613 162613 17392
STATS 10 652 EMBER 0 164599 164599 17392
STATS 10 528 EMBER 0 111500 111500 17392
STATS 10 492 EMBER 0 127485 127485 17392
STATS 10 529 EMBER 0 111299 111299 17392
STATS 10 423 EMBER 0 155349 155349 17392
STATS 10 424 EMBER 0 155142 155142 17392
STATS 10 459 EMBER 0 137486 137486 17392
STATS 10 460 EMBER 0 137081 137081 17392
STATS 10 256 EMBER 0 175430 175430 17392
STATS 10 257 EMBER 0 175991 175991 17392
STATS 10 258 EMBER 0 176519 176519 17392
STATS 10 259 EMBER 0 177103 177103 17392
STATS 10 83 EMBER 0 168033 168033 17392
STATS 10 120 EMBER 0 160053 160053 17392
STATS 10 84 EMBER 0 167981 167981 17392
STATS 10 1037 EMBER 0 156091 156091 17392
STATS 10 1074 EMBER 0 149231 149231 17392
STATS 10 6 EMBER 0 162138 162138 17392
STATS 10 39 EMBER 0 168493 168493 17392
STATS 10 15 EMBER 0 162164 162164 17392
STATS 10 40 EMBER 0 168499 168499 17392
STATS 10 753 EMBER 0 170843 170843 17392
STATS 10 787 EMBER 0 179226 179226 17392
STATS 10 754 EMBER 0 171233 171233 17392
STATS 10 788 EMBER 0 179702 179702 17392
STATS 10 288 EMBER 0 188440 188440 17392
STATS 10 324 EMBER 0 186136 186136 17392
STATS 10 325 EMBER 0 186119 186119 17392
STATS 10 380 EMBER 0 170657 170657 17392
STATS 10 355 EMBER 0 180876 180876 17392
STATS 10 389 EMBER 0 169032 169032 17392
STATS 10 695 EMBER 0 166844 166844 17392
STATS 10 729 EMBER 0 169534 169534 17392
STATS 10 696 EMBER 0 166972 166972 17392
STATS 10 730 EMBER 0 169683 169683 17392
STATS 10 900 EMBER 0 192825 192825 17392
STATS 10 175 EMBER 0 152577 152577 17392
STATS 10 151 EMBER 0 154999 154999 17392
STATS 10 176 EMBER 0 152963 152963 17392
STATS 10 661 EMBER 0 164298 164298 17392
STATS 10 662 EMBER 0 164249 164249 17392
STATS 10 629 EMBER 0 162793 162793 17392
STATS 10 630 EMBER 0 162912 162912 17392
STATS 10 631 EMBER 0 162982 162982 17392
STATS 10 866 EMBER 0 197658 197658 17392
STATS 10 822 EMBER 0 192168 192168 17392
STATS 10 831 EMBER 0 196036 196036 17392
STATS 10 549 EMBER 0 129370 129370 17392
STATS 10 550 EMBER 0 130295 130295 17392
STATS 10 559 EMBER 0 137857 137857 17392
STATS 10 595 EMBER 0 159433 159433 17392
STATS 10 560 EMBER 0 138153 138153 17392
STATS 10 957 EMBER 0 176926 176926 17392
STATS 10 958 EMBER 0 176803 176803 17392
STATS 10 967 EMBER 0 176403 176403 17392
STATS 10 596 EMBER 0 159660 159660 17392
STATS 10 597 EMBER 0 159861 159861 17392
STATS 10 598 EMBER 0 160020 160020 17392
STATS 10 599 EMBER 0 160191 160191 17392
STATS 10 989 EMBER 0 168149 168149 17392
STATS 10 968 EMBER 0 176269 176269 17392
STATS 10 990 EMBER 0 168038 168038 17392
STATS 10 991 EMBER 0 167874 167874 17392
STATS 10 969 EMBER 0 173134 173134 17392
STATS 10 970 EMBER 0 172965 172965 17392
STATS 10 971 EMBER 0 172829 172829 17392
STATS 10 992 EMBER 0 167849 167849 17392
STATS 10 530 EMBER 0 111144 111144 17392
STATS 10 531 EMBER 0 111009 111009 17392
STATS 10 532 EMBER 0 110914 110914 17392
STATS 10 533 EMBER 0 110821 110821 17392
STATS 10 534 EMBER 0 110758 110758 17392
STATS 10 493 EMBER 0 123635 123635 17392
STATS 10 535 EMBER 0 110717 110717 17392
STATS 10 494 EMBER 0 123247 123247 17392
STATS 10 425 EMBER 0 151620 151620 17392
STATS 10 461 EMBER 0 136645 136645 17392
STATS 10 260 EMBER 0 177645 177645 17392
STATS 10 261 EMBER 0 178225 178225 17392
STATS 10 221 EMBER 0 162859 162859 17392
STATS 10 262 EMBER 0 178785 178785 17392
STATS 10 222 EMBER 0 162669 162669 17392
STATS 10 121 EMBER 0 159590 159590 17392
STATS 10 122 EMBER 0 159113 159113 17392
STATS 10 1038 EMBER 0 155946 155946 17392
STATS 10 1075 EMBER 0 149291 149291 17392
STATS 10 1039 EMBER 0 155855 155855 17392
STATS 10 1076 EMBER 0 149364 149364 17392
STATS 10 16 EMBER 0 162111 162111 17392
STATS 10 49 EMBER 0 168197 168197 17392
STATS 10 50 EMBER 0 168211 168211 17392
STATS 10 763 EMBER 0 174658 174658 17392
STATS 10 797 EMBER 0 183909 183909 17392
STATS 10 764 EMBER 0 174933 174933 17392
STATS 10 326 EMBER 0 186105 186105 17392
STATS 10 327 EMBER 0 186077 186077 17392
STATS 10 356 EMBER 0 180595 180595 17392
STATS 10 390 EMBER 0 168805 168805 17392
STATS 10 697 EMBER 0 166605 166605 17392
STATS 10 698 EMBER 0 166624 166624 17392
STATS 10 731 EMBER 0 168740 168740 17392
STATS 10 699 EMBER 0 166572 166572 17392
STATS 10 732 EMBER 0 168587 168587 17392
STATS 10 700 EMBER 0 166528 166528 17392
STATS 10 921 EMBER 0 186311 186311 17392
STATS 10 901 EMBER 0 190696 190696 17392
STATS 10 922 EMBER 0 186215 186215 17392
STATS 10 902 EMBER 0 190618 190618 17392
STATS 10 923 EMBER 0 186150 186150 17392
STATS 10 903 EMBER 0 190538 190538 17392
STATS 10 924 EMBER 0 186077 186077 17392
STATS 10 152 EMBER 0 155091 155091 17392
STATS 10 185 EMBER 0 156212 156212 17392
STATS 10 186 EMBER 0 156486 156486 17392
STATS 10 632 EMBER 0 163083 163083 17392
STATS 10 633 EMBER 0 163175 163175 17392
STATS 10 634 EMBER 0 163289 163289 17392
STATS 10 832 EMBER 0 195837 195837 17392
STATS 10 867 EMBER 0 195535 195535 17392
STATS 10 868 EMBER 0 195586 195586 17392
STATS 10 869 EMBER 0 195649 195649 17392
STATS 10 870 EMBER 0 195695 195695 17392
STATS 10 833 EMBER 0 194133 194133 17392
STATS 10 871 EMBER 0 195754 195754 17392
STATS 10 834 EMBER 0 194419 194419 17392
STATS 10 536 EMBER 0 110725 110725 17392
STATS 10 495 EMBER 0 122855 122855 17392
STATS 10 537 EMBER 0 110722 110722 17392
STATS 10 426 EMBER 0 151250 151250 17392
STATS 10 462 EMBER 0 136257 136257 17392
STATS 10 427 EMBER 0 150896 150896 17392
STATS 10 463 EMBER 0 135902 135902 17392
STATS 10 428 EMBER 0 150581 150581 17392
STATS 10 263 EMBER 0 179384 179384 17392
STATS 10 223 EMBER 0 162484 162484 17392
STATS 10 264 EMBER 0 180008 180008 17392
STATS 10 224 EMBER 0 163015 163015 17392
STATS 10 123 EMBER 0 158701 158701 17392
STATS 10 85 EMBER 0 168157 168157 17392
STATS 10 86 EMBER 0 167824 167824 17392
STATS 10 87 EMBER 0 167478 167478 17392
STATS 10 88 EMBER 0 167148 167148 17392
STATS 10 89 EMBER 0 166801 166801 17392
STATS 10 90 EMBER 0 166439 166439 17392
STATS 10 1040 EMBER 0 155838 155838 17392
STATS 10 1077 EMBER 0 149438 149438 17392
STATS 10 1041 EMBER 0 155841 155841 17392
STATS 10 17 EMBER 0 164690 164690 17392
STATS 10 18 EMBER 0 164933 164933 17392
STATS 10 19 EMBER 0 165155 165155 17392
STATS 10 20 EMBER 0 165288 165288 17392
STATS 10 21 EMBER 0 165497 165497 17392
STATS 10 22 EMBER 0 165697 165697 17392
STATS 10 798 EMBER 0 184319 184319 17392
STATS 10 289 EMBER 0 186931 186931 17392
STATS 10 328 EMBER 0 186071 186071 17392
STATS 10 290 EMBER 0 187208 187208 17392
STATS 10 357 EMBER 0 177732 177732 17392
STATS 10 358 EMBER 0 177539 177539 17392
STATS 10 359 EMBER 0 177342 177342 17392
STATS 10 733 EMBER 0 168418 168418 17392
STATS 10 701 EMBER 0 166471 166471 17392
STATS 10 734 EMBER 0 168195 168195 17392
STATS 10 702 EMBER 0 166400 166400 17392
STATS 10 904 EMBER 0 190437 190437 17392
STATS 10 933 EMBER 0 185381 185381 17392
STATS 10 905 EMBER 0 190391 190391 17392
STATS 10 153 EMBER 0 154510 154510 17392
STATS 10 187 EMBER 0 155564 155564 17392
STATS 10 663 EMBER 0 164908 164908 17392
STATS 10 635 EMBER 0 163371 163371 17392
STATS 10 664 EMBER 0 164980 164980 17392
STATS 10 872 EMBER 0 195813 195813 17392
STATS 10 835 EMBER 0 194687 194687 17392
STATS 10 873 EMBER 0 195894 195894 17392
STATS 10 836 EMBER 0 194954 194954 17392
STATS 10 874 EMBER 0 196007 196007 17392
STATS 10 837 EMBER 0 195262 195262 17392
STATS 10 875 EMBER 0 196126 196126 17392
STATS 10 838 EMBER 0 195542 195542 17392
STATS 10 876 EMBER 0 196241 196241 17392
STATS 10 600 EMBER 0 160424 160424 17392
STATS 10 561 EMBER 0 136533 136533 17392
STATS 10 601 EMBER 0 160603 160603 17392
STATS 10 972 EMBER 0 172705 172705 17392
STATS 10 1001 EMBER 0 167674 167674 17392
STATS 10 973 EMBER 0 172575 172575 17392
STATS 10 906 EMBER 0 190331 190331 17392
STATS 10 934 EMBER 0 185202 185202 17392
STATS 10 907 EMBER 0 190313 190313 17392
STATS 10 154 EMBER 0 154056 154056 17392
STATS 10 188 EMBER 0 155262 155262 17392
STATS 10 155 EMBER 0 153676 153676 17392
STATS 10 189 EMBER 0 154997 154997 17392
STATS 10 636 EMBER 0 163411 163411 17392
STATS 10 665 EMBER 0 165046 165046 17392
STATS 10 839 EMBER 0 195900 195900 17392
STATS 10 877 EMBER 0 196329 196329 17392
STATS 10 840 EMBER 0 196227 196227 17392
STATS 10 562 EMBER 0 137465 137465 17392
STATS 10 602 EMBER 0 160737 160737 17392
STATS 10 1002 EMBER 0 167538 167538 17392
STATS 10 974 EMBER 0 172413 172413 17392
STATS 10 975 EMBER 0 172284 172284 17392
STATS 10 496 EMBER 0 122634 122634 17392
STATS 10 538 EMBER 0 110729 110729 17392
STATS 10 497 EMBER 0 122462 122462 17392
STATS 10 464 EMBER 0 135681 135681 17392
STATS 10 429 EMBER 0 150234 150234 17392
STATS 10 465 EMBER 0 135512 135512 17392
STATS 10 265 EMBER 0 180587 180587 17392
STATS 10 225 EMBER 0 163582 163582 17392
STATS 10 91 EMBER 0 166050 166050 17392
STATS 10 92 EMBER 0 165667 165667 17392
STATS 10 93 EMBER 0 165245 165245 17392
STATS 10 1078 EMBER 0 149538 149538 17392
STATS 10 1042 EMBER 0 155851 155851 17392
STATS 10 1079 EMBER 0 149648 149648 17392
STATS 10 1043 EMBER 0 155898 155898 17392
STATS 10 1080 EMBER 0 149795 149795 17392
STATS 10 51 EMBER 0 169461 169461 17392
STATS 10 23 EMBER 0 165794 165794 17392
STATS 10 52 EMBER 0 169482 169482 17392
STATS 10 24 EMBER 0 165903 165903 17392
STATS 10 53 EMBER 0 169467 169467 17392
STATS 10 765 EMBER 0 173576 173576 17392
STATS 10 799 EMBER 0 182588 182588 17392
STATS 10 329 EMBER 0 186085 186085 17392
STATS 10 291 EMBER 0 187428 187428 17392
STATS 10 360 EMBER 0 177145 177145 17392
STATS 10 361 EMBER 0 177004 177004 17392
STATS 10 735 EMBER 0 168004 168004 17392
STATS 10 703 EMBER 0 166292 166292 17392
STATS 10 736 EMBER 0 168297 168297 17392
STATS 10 704 EMBER 0 166520 166520 17392
STATS 10 539 EMBER 0 110724 110724 17392
STATS 10 498 EMBER 0 122256 122256 17392
STATS 10 540 EMBER 0 110685 110685 17392
STATS 10 499 EMBER 0 122123 122123 17392
STATS 10 430 EMBER 0 149919 149919 17392
STATS 10 466 EMBER 0 135333 135333 17392
STATS 10 431 EMBER 0 149649 149649 17392
STATS 10 266 EMBER 0 181136 181136 17392
STATS 10 226 EMBER 0 164114 164114 17392
STATS 10 267 EMBER 0 181691 181691 17392
STATS 10 227 EMBER 0 164648 164648 17392
STATS 10 268 EMBER 0 182208 182208 17392
STATS 10 94 EMBER 0 164811 164811 17392
STATS 10 95 EMBER 0 164378 164378 17392
STATS 10 96 EMBER 0 164342 164342 17392
STATS 10 97 EMBER 0 164312 164312 17392
STATS 10 98 EMBER 0 164244 164244 17392
STATS 10 124 EMBER 0 158255 158255 17392
STATS 10 1044 EMBER 0 155973 155973 17392
STATS 10 1081 EMBER 0 149978 149978 17392
STATS 10 1045 EMBER 0 156023 156023 17392
STATS 10 1082 EMBER 0 150074 150074 17392
STATS 10 25 EMBER 0 165946 165946 17392
STATS 10 54 EMBER 0 169429 169429 17392
STATS 10 800 EMBER 0 182988 182988 17392
STATS 10 801 EMBER 0 183477 183477 17392
STATS 10 802 EMBER 0 183966 183966 17392
STATS 10 803 EMBER 0 184474 184474 17392
STATS 10 804 EMBER 0 184986 184986 17392
STATS 10 330 EMBER 0 186121 186121 17392
STATS 10 292 EMBER 0 187696 187696 17392
STATS 10 331 EMBER 0 186186 186186 17392
STATS 10 293 EMBER 0 187958 187958 17392
STATS 10 332 EMBER 0 186221 186221 17392
STATS 10 294 EMBER 0 188225 188225 17392
STATS 10 362 EMBER 0 176847 176847 17392
STATS 10 363 EMBER 0 176746 176746 17392
STATS 10 364 EMBER 0 176651 176651 17392
STATS 10 365 EMBER 0 176549 176549 17392
STATS 10 366 EMBER 0 176449 176449 17392
STATS 10 737 EMBER 0 168594 168594 17392
STATS 10 705 EMBER 0 166760 166760 17392
STATS 10 908 EMBER 0 190288 190288 17392
STATS 10 909 EMBER 0 190267 190267 17392
STATS 10 910 EMBER 0 190279 190279 17392
STATS 10 911 EMBER 0 190148 190148 17392
STATS 10 156 EMBER 0 153329 153329 17392
STATS 10 190 EMBER 0 154714 154714 17392
STATS 10 637 EMBER 0 163484 163484 17392
STATS 10 666 EMBER 0 165106 165106 17392
STATS 10 638 EMBER 0 163547 163547 17392
STATS 10 667 EMBER 0 165118 165118 17392
STATS 10 878 EMBER 0 196371 196371 17392
STATS 10 841 EMBER 0 196571 196571 17392
STATS 10 563 EMBER 0 138641 138641 17392
STATS 10 603 EMBER 0 160904 160904 17392
STATS 10 564 EMBER 0 139854 139854 17392
STATS 10 604 EMBER 0 160995 160995 17392
STATS 10 976 EMBER 0 172251 172251 17392
STATS 10 977 EMBER 0 172244 172244 17392
STATS 10 125 EMBER 0 157790 157790 17392
STATS 10 126 EMBER 0 157315 157315 17392
STATS 10 127 EMBER 0 156810 156810 17392
STATS 10 128 EMBER 0 156861 156861 17392
STATS 10 129 EMBER 0 156912 156912 17392
STATS 10 1046 EMBER 0 156153 156153 17392
STATS 10 1083 EMBER 0 150185 150185 17392
STATS 10 1047 EMBER 0 156244 156244 17392
STATS 10 1084 EMBER 0 150207 150207 17392
STATS 10 26 EMBER 0 165925 165925 17392
STATS 10 55 EMBER 0 169317 169317 17392
STATS 10 27 EMBER 0 165884 165884 17392
STATS 10 805 EMBER 0 185502 185502 17392
STATS 10 806 EMBER 0 186015 186015 17392
STATS 10 807 EMBER 0 186607 186607 17392
STATS 10 808 EMBER 0 187170 187170 17392
STATS 10 333 EMBER 0 186258 186258 17392
STATS 10 295 EMBER 0 188489 188489 17392
STATS 10 334 EMBER 0 186260 186260 17392
STATS 10 367 EMBER 0 176291 176291 17392
STATS 10 368 EMBER 0 176118 176118 17392
STATS 10 369 EMBER 0 175928 175928 17392
STATS 10 370 EMBER 0 175751 175751 17392
STATS 10 738 EMBER 0 168967 168967 17392
STATS 10 706 EMBER 0 166939 166939 17392
STATS 10 739 EMBER 0 169364 169364 17392
STATS 10 707 EMBER 0 167155 167155 17392
STATS 10 740 EMBER 0 169729 169729 17392
STATS 10 912 EMBER 0 190029 190029 17392
STATS 10 935 EMBER 0 182313 182313 17392
STATS 10 913 EMBER 0 189909 189909 17392
STATS 10 936 EMBER 0 182185 182185 17392
STATS 10 914 EMBER 0 189800 189800 17392
STATS 10 937 EMBER 0 182054 182054 17392
STATS 10 157 EMBER 0 152970 152970 17392
STATS 10 191 EMBER 0 154457 154457 17392
STATS 10 158 EMBER 0 152615 152615 17392
STATS 10 192 EMBER 0 154874 154874 17392
STATS 10 639 EMBER 0 163610 163610 17392
STATS 10 668 EMBER 0 165166 165166 17392
STATS 10 640 EMBER 0 163538 163538 17392
STATS 10 879 EMBER 0 196389 196389 17392
STATS 10 842 EMBER 0 196899 196899 17392
STATS 10 880 EMBER 0 196225 196225 17392
STATS 10 843 EMBER 0 197213 197213 17392
STATS 10 844 EMBER 0 197519 197519 17392
STATS 10 565 EMBER 0 141055 141055 17392
STATS 10 605 EMBER 0 161222 161222 17392
STATS 10 566 EMBER 0 142223 142223 17392
STATS 10 606 EMBER 0 161360 161360 17392
STATS 10 978 EMBER 0 172276 172276 17392
STATS 10 979 EMBER 0 172272 172272 17392
STATS 10 980 EMBER 0 172255 172255 17392
STATS 10 981 EMBER 0 172244 172244 17392
STATS 10 982 EMBER 0 172179 172179 17392
STATS 10 500 EMBER 0 121986 121986 17392
STATS 10 501 EMBER 0 121868 121868 17392
STATS 10 502 EMBER 0 121841 121841 17392
STATS 10 503 EMBER 0 121769 121769 17392
STATS 10 504 EMBER 0 121703 121703 17392
STATS 10 467 EMBER 0 135187 135187 17392
STATS 10 432 EMBER 0 149519 149519 17392
STATS 10 228 EMBER 0 165169 165169 17392
STATS 10 229 EMBER 0 165770 165770 17392
STATS 10 230 EMBER 0 166334 166334 17392
STATS 10 231 EMBER 0 166928 166928 17392
STATS 10 505 EMBER 0 121646 121646 17392
STATS 10 506 EMBER 0 121611 121611 17392
STATS 10 468 EMBER 0 135055 135055 17392
STATS 10 433 EMBER 0 149369 149369 17392
STATS 10 469 EMBER 0 134949 134949 17392
STATS 10 232 EMBER 0 167508 167508 17392
STATS 10 233 EMBER 0 168083 168083 17392
STATS 10 234 EMBER 0 168609 168609 17392
STATS 10 130 EMBER 0 156948 156948 17392
STATS 10 131 EMBER 0 156963 156963 17392
STATS 10 132 EMBER 0 156995 156995 17392
STATS 10 1048 EMBER 0 156328 156328 17392
STATS 10 1049 EMBER 0 156366 156366 17392
STATS 10 1050 EMBER 0 156395 156395 17392
STATS 10 56 EMBER 0 169221 169221 17392
STATS 10 28 EMBER 0 165861 165861 17392
STATS 10 57 EMBER 0 169158 169158 17392
STATS 10 809 EMBER 0 187716 187716 17392
STATS 10 810 EMBER 0 188205 188205 17392
STATS 10 296 EMBER 0 188769 188769 17392
STATS 10 335 EMBER 0 186252 186252 17392
STATS 10 297 EMBER 0 189053 189053 17392
STATS 10 336 EMBER 0 186004 186004 17392
STATS 10 391 EMBER 0 165677 165677 17392
STATS 10 392 EMBER 0 165407 165407 17392
STATS 10 393 EMBER 0 165083 165083 17392
STATS 10 394 EMBER 0 164787 164787 17392
STATS 10 708 EMBER 0 167395 167395 17392
STATS 10 741 EMBER 0 170022 170022 17392
STATS 10 709 EMBER 0 167568 167568 17392
STATS 10 742 EMBER 0 170335 170335 17392
STATS 10 938 EMBER 0 181893 181893 17392
STATS 10 939 EMBER 0 181774 181774 17392
STATS 10 940 EMBER 0 181658 181658 17392
STATS 10 941 EMBER 0 181559 181559 17392
STATS 10 159 EMBER 0 152266 152266 17392
STATS 10 193 EMBER 0 155323 155323 17392
STATS 10 669 EMBER 0 165171 165171 17392
STATS 10 641 EMBER 0 163439 163439 17392
STATS 10 845 EMBER 0 197800 197800 17392
STATS 10 846 EMBER 0 198084 198084 17392
STATS 10 567 EMBER 0 143507 143507 17392
STATS 10 607 EMBER 0 161480 161480 17392
STATS 10 1003 EMBER 0 164291 164291 17392
STATS 10 1004 EMBER 0 164133 164133 17392
STATS 10 1005 EMBER 0 163990 163990 17392
STATS 10 1006 EMBER 0 163840 163840 17392
Nic 543 received 66307 bytes
STATS 10 434 EMBER 0 149221 149221 17392
STATS 10 470 EMBER 0 134870 134870 17392
STATS 10 435 EMBER 0 149096 149096 17392
STATS 10 471 EMBER 0 134786 134786 17392
Nic 237 received 66307 bytes
Nic 101 received 66307 bytes
Nic 1087 received 66307 bytes
STATS 10 29 EMBER 0 165759 165759 17392
STATS 10 58 EMBER 0 169043 169043 17392
STATS 10 30 EMBER 0 165633 165633 17392
STATS 10 811 EMBER 0 188755 188755 17392
STATS 10 812 EMBER 0 189285 189285 17392
STATS 10 766 EMBER 0 173388 173388 17392
STATS 10 298 EMBER 0 189311 189311 17392
STATS 10 299 EMBER 0 189564 189564 17392
STATS 10 395 EMBER 0 164526 164526 17392
STATS 10 396 EMBER 0 164244 164244 17392
STATS 10 397 EMBER 0 164017 164017 17392
STATS 10 710 EMBER 0 167755 167755 17392
STATS 10 743 EMBER 0 170640 170640 17392
STATS 10 942 EMBER 0 181492 181492 17392
STATS 10 160 EMBER 0 152558 152558 17392
STATS 10 194 EMBER 0 155763 155763 17392
STATS 10 161 EMBER 0 152873 152873 17392
STATS 10 670 EMBER 0 165196 165196 17392
STATS 10 642 EMBER 0 163344 163344 17392
STATS 10 671 EMBER 0 165153 165153 17392
Nic 849 received 66307 bytes
Nic 883 received 66307 bytes
STATS 10 568 EMBER 0 144522 144522 17392
STATS 10 608 EMBER 0 161297 161297 17392
STATS 10 569 EMBER 0 145479 145479 17392
STATS 10 1007 EMBER 0 163691 163691 17392
STATS 10 1008 EMBER 0 163627 163627 17392
STATS 10 1009 EMBER 0 163616 163616 17392
STATS 10 672 EMBER 0 165168 165168 17392
STATS 10 673 EMBER 0 165174 165174 17392
STATS 10 674 EMBER 0 165158 165158 17392
STATS 10 675 EMBER 0 165211 165211 17392
Nic 882 received 66307 bytes
STATS 10 570 EMBER 0 146232 146232 17392
STATS 10 571 EMBER 0 146910 146910 17392
STATS 10 572 EMBER 0 147683 147683 17392
STATS 10 1010 EMBER 0 163635 163635 17392
STATS 10 1011 EMBER 0 163668 163668 17392
STATS 10 1012 EMBER 0 163683 163683 17392
STATS 10 1013 EMBER 0 163684 163684 17392
STATS 10 1014 EMBER 0 163711 163711 17392
Nic 509 received 66307 bytes
STATS 10 436 EMBER 0 148967 148967 17392
STATS 10 472 EMBER 0 134672 134672 17392
STATS 10 437 EMBER 0 148833 148833 17392
Nic 271 received 66307 bytes
Nic 135 received 66307 bytes
Nic 1053 received 66307 bytes
STATS 10 59 EMBER 0 168920 168920 17392
STATS 10 60 EMBER 0 168824 168824 17392
STATS 10 61 EMBER 0 168653 168653 17392
STATS 10 62 EMBER 0 168487 168487 17392
STATS 10 767 EMBER 0 173185 173185 17392
STATS 10 768 EMBER 0 173577 173577 17392
STATS 10 769 EMBER 0 173994 173994 17392
STATS 10 770 EMBER 0 174360 174360 17392
STATS 10 300 EMBER 0 189797 189797 17392
STATS 10 301 EMBER 0 190030 190030 17392
STATS 10 302 EMBER 0 190244 190244 17392
STATS 10 398 EMBER 0 163797 163797 17392
STATS 10 399 EMBER 0 163587 163587 17392
STATS 10 400 EMBER 0 163426 163426 17392
STATS 10 744 EMBER 0 170941 170941 17392
STATS 10 943 EMBER 0 181454 181454 17392
STATS 10 944 EMBER 0 181444 181444 17392
STATS 10 945 EMBER 0 181399 181399 17392
STATS 10 946 EMBER 0 181342 181342 17392
STATS 10 195 EMBER 0 156223 156223 17392
STATS 10 162 EMBER 0 153181 153181 17392
STATS 10 196 EMBER 0 156645 156645 17392
STATS 10 573 EMBER 0 148437 148437 17392
STATS 10 574 EMBER 0 149357 149357 17392
STATS 10 1015 EMBER 0 163710 163710 17392
STATS 10 1016 EMBER 0 163683 163683 17392
Nic 542 received 66307 bytes
STATS 10 438 EMBER 0 148695 148695 17392
Nic 236 received 66307 bytes
Nic 134 received 66307 bytes
Nic 1052 received 66307 bytes
STATS 10 63 EMBER 0 168278 168278 17392
STATS 10 64 EMBER 0 168406 168406 17392
STATS 10 771 EMBER 0 174775 174775 17392
STATS 10 772 EMBER 0 175194 175194 17392
STATS 10 773 EMBER 0 175630 175630 17392
STATS 10 774 EMBER 0 176085 176085 17392
Nic 305 received 66307 bytes
STATS 10 401 EMBER 0 163258 163258 17392
STATS 10 402 EMBER 0 163084 163084 17392
STATS 10 403 EMBER 0 162932 162932 17392
STATS 10 404 EMBER 0 162759 162759 17392
Nic 747 received 66307 bytes
STATS 10 947 EMBER 0 181275 181275 17392
STATS 10 948 EMBER 0 181191 181191 17392
STATS 10 163 EMBER 0 153500 153500 17392
STATS 10 197 EMBER 0 157099 157099 17392
STATS 10 164 EMBER 0 153786 153786 17392
STATS 10 676 EMBER 0 165339 165339 17392
Nic 864 received 66307 bytes
Nic 863 received 66307 bytes
Nic 577 received 66307 bytes
Nic 611 received 66307 bytes
Nic 1019 received 66307 bytes
Nic 524 received 66307 bytes
Nic 475 received 66307 bytes
Nic 218 received 66307 bytes
Nic 116 received 66307 bytes
Nic 1034 received 66307 bytes
Nic 67 received 66307 bytes
STATS 10 775 EMBER 0 176517 176517 17392
STATS 10 776 EMBER 0 176950 176950 17392
STATS 10 777 EMBER 0 177376 177376 17392
STATS 10 778 EMBER 0 177790 177790 17392
Nic 339 received 66307 bytes
Nic 407 received 66307 bytes
Nic 713 received 66307 bytes
Nic 951 received 66307 bytes
STATS 10 198 EMBER 0 157547 157547 17392
STATS 10 165 EMBER 0 154048 154048 17392
STATS 10 199 EMBER 0 158015 158015 17392
Nic 679 received 66307 bytes
Nic 862 received 66307 bytes
Nic 576 received 66307 bytes
Nic 985 received 66307 bytes
Nic 508 received 66307 bytes
Nic 441 received 66307 bytes
Nic 217 received 66307 bytes
Nic 115 received 66307 bytes
Nic 1033 received 66307 bytes
Nic 33 received 66307 bytes
Nic 815 received 66307 bytes
Nic 338 received 66307 bytes
Nic 373 received 66307 bytes
Nic 712 received 66307 bytes
Nic 917 received 66307 bytes
STATS 10 166 EMBER 0 154308 154308 17392
STATS 10 200 EMBER 0 158445 158445 17392
Nic 645 received 66307 bytes
Nic 490 received 66307 bytes
Nic 474 received 66307 bytes
Nic 1032 received 66307 bytes
Nic 66 received 66307 bytes
Nic 781 received 66307 bytes
Nic 320 received 66307 bytes
Nic 406 received 66307 bytes
Nic 694 received 66307 bytes
Nic 950 received 66307 bytes
Nic 169 received 66307 bytes
Nic 203 received 66307 bytes
Nic 678 received 66307 bytes
Nic 861 received 66307 bytes
Nic 558 received 66307 bytes
Nic 1018 received 66307 bytes
Nic 557 received 66307 bytes
Nic 1000 received 66307 bytes
Nic 489 received 66307 bytes
Nic 456 received 66307 bytes
Nic 270 received 66307 bytes
Nic 114 received 66307 bytes
Nic 1031 received 66307 bytes
Nic 48 received 66307 bytes
Nic 780 received 66307 bytes
Nic 319 received 66307 bytes
Nic 388 received 66307 bytes
Nic 693 received 66307 bytes
Nic 932 received 66307 bytes
Nic 168 received 66307 bytes
Nic 644 received 66307 bytes
Nic 860 received 66307 bytes
Nic 488 received 66307 bytes
Nic 455 received 66307 bytes
Nic 252 received 66307 bytes
Nic 113 received 66307 bytes
Nic 1030 received 66307 bytes
Nic 47 received 66307 bytes
Nic 762 received 66307 bytes
Nic 318 received 66307 bytes
Nic 387 received 66307 bytes
Nic 692 received 66307 bytes
Nic 931 received 66307 bytes
Nic 150 received 66307 bytes
Nic 660 received 66307 bytes
Nic 610 received 66307 bytes
Nic 999 received 66307 bytes
Nic 487 received 66307 bytes
Nic 454 received 66307 bytes
Nic 251 received 66307 bytes
Nic 112 received 66307 bytes
Nic 1029 received 66307 bytes
Nic 761 received 66307 bytes
Nic 304 received 66307 bytes
Nic 386 received 66307 bytes
Nic 746 received 66307 bytes
Nic 930 received 66307 bytes
Nic 202 received 66307 bytes
Nic 626 received 66307 bytes
Nic 592 received 66307 bytes
Nic 998 received 66307 bytes
Nic 184 received 66307 bytes
Nic 659 received 66307 bytes
Nic 859 received 66307 bytes
Nic 591 received 66307 bytes
Nic 997 received 66307 bytes
Nic 486 received 66307 bytes
Nic 453 received 66307 bytes
Nic 250 received 66307 bytes
Nic 111 received 66307 bytes
Nic 1086 received 66307 bytes
Nic 46 received 66307 bytes
Nic 286 received 66307 bytes
Nic 385 received 66307 bytes
Nic 728 received 66307 bytes
Nic 929 received 66307 bytes
Nic 285 received 66307 bytes
Nic 372 received 66307 bytes
Nic 727 received 66307 bytes
Nic 916 received 66307 bytes
Nic 183 received 66307 bytes
Nic 658 received 66307 bytes
Nic 858 received 66307 bytes
Nic 590 received 66307 bytes
Nic 996 received 66307 bytes
Nic 485 received 66307 bytes
Nic 452 received 66307 bytes
Nic 249 received 66307 bytes
Nic 110 received 66307 bytes
Nic 1068 received 66307 bytes
Nic 45 received 66307 bytes
Nic 760 received 66307 bytes
Nic 657 received 66307 bytes
Nic 857 received 66307 bytes
Nic 589 received 66307 bytes
Nic 995 received 66307 bytes
Nic 523 received 66307 bytes
Nic 451 received 66307 bytes
Nic 248 received 66307 bytes
Nic 109 received 66307 bytes
Nic 1067 received 66307 bytes
Nic 32 received 66307 bytes
Nic 759 received 66307 bytes
Nic 284 received 66307 bytes
Nic 354 received 66307 bytes
Nic 726 received 66307 bytes
Nic 898 received 66307 bytes
Nic 182 received 66307 bytes
Nic 522 received 66307 bytes
Nic 450 received 66307 bytes
Nic 247 received 66307 bytes
Nic 104 received 66307 bytes
Nic 1066 received 66307 bytes
Nic 14 received 66307 bytes
Nic 758 received 66307 bytes
Nic 283 received 66307 bytes
Nic 353 received 66307 bytes
Nic 691 received 66307 bytes
Nic 897 received 66307 bytes
Nic 181 received 66307 bytes
Nic 656 received 66307 bytes
Nic 852 received 66307 bytes
Nic 556 received 66307 bytes
Nic 984 received 66307 bytes
Nic 521 received 66307 bytes
Nic 449 received 66307 bytes
Nic 246 received 66307 bytes
Nic 103 received 66307 bytes
Nic 1065 received 66307 bytes
Nic 13 received 66307 bytes
Nic 757 received 66307 bytes
Nic 282 received 66307 bytes
Nic 352 received 66307 bytes
Nic 690 received 66307 bytes
Nic 896 received 66307 bytes
Nic 180 received 66307 bytes
Nic 655 received 66307 bytes
Nic 851 received 66307 bytes
Nic 555 received 66307 bytes
Nic 966 received 66307 bytes
Nic 554 received 66307 bytes
Nic 965 received 66307 bytes
Nic 520 received 66307 bytes
Nic 444 received 66307 bytes
Nic 245 received 66307 bytes
Nic 102 received 66307 bytes
Nic 1064 received 66307 bytes
Nic 12 received 66307 bytes
Nic 756 received 66307 bytes
Nic 281 received 66307 bytes
Nic 351 received 66307 bytes
Nic 689 received 66307 bytes
Nic 895 received 66307 bytes
Nic 179 received 66307 bytes
Nic 625 received 66307 bytes
Nic 850 received 66307 bytes
Nic 350 received 66307 bytes
Nic 688 received 66307 bytes
Nic 894 received 66307 bytes
Nic 178 received 66307 bytes
Nic 624 received 66307 bytes
Nic 848 received 66307 bytes
Nic 553 received 66307 bytes
Nic 964 received 66307 bytes
Nic 519 received 66307 bytes
Nic 440 received 66307 bytes
Nic 240 received 66307 bytes
Nic 100 received 66307 bytes
Nic 1063 received 66307 bytes
Nic 11 received 66307 bytes
Nic 755 received 66307 bytes
Nic 280 received 66307 bytes
Nic 687 received 66307 bytes
Nic 893 received 66307 bytes
Nic 177 received 66307 bytes
Nic 623 received 66307 bytes
Nic 853 received 66307 bytes
Nic 552 received 66307 bytes
Nic 963 received 66307 bytes
Nic 518 received 66307 bytes
Nic 422 received 66307 bytes
Nic 239 received 66307 bytes
Nic 105 received 66307 bytes
Nic 1062 received 66307 bytes
Nic 10 received 66307 bytes
Nic 750 received 66307 bytes
Nic 279 received 66307 bytes
Nic 349 received 66307 bytes
Nic 517 received 66307 bytes
Nic 421 received 66307 bytes
Nic 238 received 66307 bytes
Nic 106 received 66307 bytes
Nic 1061 received 66307 bytes
Nic 44 received 66307 bytes
Nic 749 received 66307 bytes
Nic 274 received 66307 bytes
Nic 348 received 66307 bytes
Nic 682 received 66307 bytes
Nic 892 received 66307 bytes
Nic 172 received 66307 bytes
Nic 622 received 66307 bytes
Nic 854 received 66307 bytes
Nic 551 received 66307 bytes
Nic 962 received 66307 bytes
Nic 484 received 66307 bytes
Nic 420 received 66307 bytes
Nic 241 received 66307 bytes
Nic 107 received 66307 bytes
Nic 1056 received 66307 bytes
Nic 9 received 66307 bytes
Nic 748 received 66307 bytes
Nic 317 received 66307 bytes
Nic 347 received 66307 bytes
Nic 725 received 66307 bytes
Nic 891 received 66307 bytes
Nic 171 received 66307 bytes
Nic 621 received 66307 bytes
Nic 855 received 66307 bytes
Nic 546 received 66307 bytes
Nic 961 received 66307 bytes
Nic 751 received 66307 bytes
Nic 273 received 66307 bytes
Nic 342 received 66307 bytes
Nic 681 received 66307 bytes
Nic 886 received 66307 bytes
Nic 170 received 66307 bytes
Nic 620 received 66307 bytes
Nic 856 received 66307 bytes
Nic 545 received 66307 bytes
Nic 960 received 66307 bytes
Nic 512 received 66307 bytes
Nic 419 received 66307 bytes
Nic 242 received 66307 bytes
Nic 108 received 66307 bytes
Nic 1028 received 66307 bytes
Nic 8 received 66307 bytes
Nic 511 received 66307 bytes
Nic 418 received 66307 bytes
Nic 243 received 66307 bytes
Nic 117 received 66307 bytes
Nic 1027 received 66307 bytes
Nic 7 received 66307 bytes
Nic 752 received 66307 bytes
Nic 316 received 66307 bytes
Nic 341 received 66307 bytes
Nic 680 received 66307 bytes
Nic 885 received 66307 bytes
Nic 173 received 66307 bytes
Nic 619 received 66307 bytes
Nic 865 received 66307 bytes
Nic 544 received 66307 bytes
Nic 994 received 66307 bytes
Nic 2 received 66307 bytes
Nic 753 received 66307 bytes
Nic 315 received 66307 bytes
Nic 340 received 66307 bytes
Nic 683 received 66307 bytes
Nic 884 received 66307 bytes
Nic 174 received 66307 bytes
Nic 614 received 66307 bytes
Nic 866 received 66307 bytes
Nic 547 received 66307 bytes
Nic 959 received 66307 bytes
Nic 510 received 66307 bytes
Nic 417 received 66307 bytes
Nic 244 received 66307 bytes
Nic 118 received 66307 bytes
Nic 1022 received 66307 bytes
Nic 513 received 66307 bytes
Nic 416 received 66307 bytes
Nic 253 received 66307 bytes
Nic 119 received 66307 bytes
Nic 1021 received 66307 bytes
Nic 1 received 66307 bytes
Nic 754 received 66307 bytes
Nic 314 received 66307 bytes
Nic 343 received 66307 bytes
Nic 684 received 66307 bytes
Nic 887 received 66307 bytes
Nic 175 received 66307 bytes
Nic 613 received 66307 bytes
Nic 867 received 66307 bytes
Nic 588 received 66307 bytes
Nic 954 received 66307 bytes
Nic 514 received 66307 bytes
Nic 415 received 66307 bytes
Nic 254 received 66307 bytes
Nic 120 received 66307 bytes
Nic 1020 received 66307 bytes
Nic 0 received 66307 bytes
Nic 814 received 66307 bytes
Nic 313 received 66307 bytes
Nic 344 received 66307 bytes
Nic 685 received 66307 bytes
Nic 888 received 66307 bytes
Nic 176 received 66307 bytes
Nic 612 received 66307 bytes
Nic 868 received 66307 bytes
Nic 587 received 66307 bytes
Nic 953 received 66307 bytes
Nic 869 received 66307 bytes
Nic 586 received 66307 bytes
Nic 952 received 66307 bytes
Nic 515 received 66307 bytes
Nic 410 received 66307 bytes
Nic 216 received 66307 bytes
Nic 255 received 66307 bytes
Nic 121 received 66307 bytes
Nic 1023 received 66307 bytes
Nic 3 received 66307 bytes
Nic 796 received 66307 bytes
Nic 308 received 66307 bytes
Nic 345 received 66307 bytes
Nic 686 received 66307 bytes
Nic 889 received 66307 bytes
Nic 149 received 66307 bytes
Nic 615 received 66307 bytes
Nic 516 received 66307 bytes
Nic 409 received 66307 bytes
Nic 256 received 66307 bytes
Nic 122 received 66307 bytes
Nic 1055 received 66307 bytes
Nic 4 received 66307 bytes
Nic 795 received 66307 bytes
Nic 307 received 66307 bytes
Nic 346 received 66307 bytes
Nic 695 received 66307 bytes
Nic 890 received 66307 bytes
Nic 148 received 66307 bytes
Nic 616 received 66307 bytes
Nic 870 received 66307 bytes
Nic 585 received 66307 bytes
Nic 993 received 66307 bytes
Nic 525 received 66307 bytes
Nic 408 received 66307 bytes
Nic 257 received 66307 bytes
Nic 123 received 66307 bytes
Nic 1054 received 66307 bytes
Nic 5 received 66307 bytes
Nic 794 received 66307 bytes
Nic 306 received 66307 bytes
Nic 355 received 66307 bytes
Nic 696 received 66307 bytes
Nic 899 received 66307 bytes
Nic 147 received 66307 bytes
Nic 617 received 66307 bytes
Nic 830 received 66307 bytes
Nic 580 received 66307 bytes
Nic 955 received 66307 bytes
Nic 526 received 66307 bytes
Nic 411 received 66307 bytes
Nic 258 received 66307 bytes
Nic 124 received 66307 bytes
Nic 1057 received 66307 bytes
Nic 6 received 66307 bytes
Nic 793 received 66307 bytes
Nic 272 received 66307 bytes
Nic 356 received 66307 bytes
Nic 697 received 66307 bytes
Nic 900 received 66307 bytes
Nic 146 received 66307 bytes
Nic 618 received 66307 bytes
Nic 829 received 66307 bytes
Nic 579 received 66307 bytes
Nic 988 received 66307 bytes
Nic 412 received 66307 bytes
Nic 259 received 66307 bytes
Nic 82 received 66307 bytes
Nic 1058 received 66307 bytes
Nic 15 received 66307 bytes
Nic 792 received 66307 bytes
Nic 275 received 66307 bytes
Nic 357 received 66307 bytes
Nic 698 received 66307 bytes
Nic 928 received 66307 bytes
Nic 185 received 66307 bytes
Nic 627 received 66307 bytes
Nic 828 received 66307 bytes
Nic 548 received 66307 bytes
Nic 987 received 66307 bytes
Nic 527 received 66307 bytes
Nic 628 received 66307 bytes
Nic 827 received 66307 bytes
Nic 549 received 66307 bytes
Nic 986 received 66307 bytes
Nic 483 received 66307 bytes
Nic 413 received 66307 bytes
Nic 260 received 66307 bytes
Nic 81 received 66307 bytes
Nic 1024 received 66307 bytes
Nic 16 received 66307 bytes
Nic 791 received 66307 bytes
Nic 276 received 66307 bytes
Nic 358 received 66307 bytes
Nic 699 received 66307 bytes
Nic 927 received 66307 bytes
Nic 145 received 66307 bytes
Nic 528 received 66307 bytes
Nic 414 received 66307 bytes
Nic 261 received 66307 bytes
Nic 80 received 66307 bytes
Nic 1059 received 66307 bytes
Nic 43 received 66307 bytes
Nic 790 received 66307 bytes
Nic 277 received 66307 bytes
Nic 359 received 66307 bytes
Nic 700 received 66307 bytes
Nic 926 received 66307 bytes
Nic 144 received 66307 bytes
Nic 654 received 66307 bytes
Nic 826 received 66307 bytes
Nic 550 received 66307 bytes
Nic 989 received 66307 bytes
Nic 825 received 66307 bytes
Nic 559 received 66307 bytes
Nic 990 received 66307 bytes
Nic 529 received 66307 bytes
Nic 423 received 66307 bytes
Nic 262 received 66307 bytes
Nic 79 received 66307 bytes
Nic 1060 received 66307 bytes
Nic 42 received 66307 bytes
Nic 789 received 66307 bytes
Nic 278 received 66307 bytes
Nic 360 received 66307 bytes
Nic 701 received 66307 bytes
Nic 925 received 66307 bytes
Nic 143 received 66307 bytes
Nic 653 received 66307 bytes
Nic 530 received 66307 bytes
Nic 424 received 66307 bytes
Nic 263 received 66307 bytes
Nic 78 received 66307 bytes
Nic 1069 received 66307 bytes
Nic 41 received 66307 bytes
Nic 784 received 66307 bytes
Nic 309 received 66307 bytes
Nic 361 received 66307 bytes
Nic 702 received 66307 bytes
Nic 920 received 66307 bytes
Nic 138 received 66307 bytes
Nic 648 received 66307 bytes
Nic 824 received 66307 bytes
Nic 560 received 66307 bytes
Nic 991 received 66307 bytes
Nic 531 received 66307 bytes
Nic 425 received 66307 bytes
Nic 264 received 66307 bytes
Nic 77 received 66307 bytes
Nic 1070 received 66307 bytes
Nic 36 received 66307 bytes
Nic 783 received 66307 bytes
Nic 310 received 66307 bytes
Nic 362 received 66307 bytes
Nic 703 received 66307 bytes
Nic 919 received 66307 bytes
Nic 137 received 66307 bytes
Nic 647 received 66307 bytes
Nic 823 received 66307 bytes
Nic 561 received 66307 bytes
Nic 992 received 66307 bytes
Nic 532 received 66307 bytes
Nic 265 received 66307 bytes
Nic 76 received 66307 bytes
Nic 1071 received 66307 bytes
Nic 35 received 66307 bytes
Nic 782 received 66307 bytes
Nic 311 received 66307 bytes
Nic 384 received 66307 bytes
Nic 704 received 66307 bytes
Nic 918 received 66307 bytes
Nic 136 received 66307 bytes
Nic 646 received 66307 bytes
Nic 818 received 66307 bytes
Nic 578 received 66307 bytes
Nic 1001 received 66307 bytes
Nic 705 received 66307 bytes
Nic 921 received 66307 bytes
Nic 139 received 66307 bytes
Nic 649 received 66307 bytes
Nic 817 received 66307 bytes
Nic 562 received 66307 bytes
Nic 1002 received 66307 bytes
Nic 533 received 66307 bytes
Nic 426 received 66307 bytes
Nic 266 received 66307 bytes
Nic 125 received 66307 bytes
Nic 1072 received 66307 bytes
Nic 34 received 66307 bytes
Nic 763 received 66307 bytes
Nic 312 received 66307 bytes
Nic 383 received 66307 bytes
Nic 534 received 66307 bytes
Nic 443 received 66307 bytes
Nic 267 received 66307 bytes
Nic 126 received 66307 bytes
Nic 1073 received 66307 bytes
Nic 17 received 66307 bytes
Nic 764 received 66307 bytes
Nic 321 received 66307 bytes
Nic 382 received 66307 bytes
Nic 706 received 66307 bytes
Nic 922 received 66307 bytes
Nic 140 received 66307 bytes
Nic 650 received 66307 bytes
Nic 816 received 66307 bytes
Nic 581 received 66307 bytes
Nic 1003 received 66307 bytes
Nic 535 received 66307 bytes
Nic 442 received 66307 bytes
Nic 268 received 66307 bytes
Nic 127 received 66307 bytes
Nic 1074 received 66307 bytes
Nic 37 received 66307 bytes
Nic 765 received 66307 bytes
Nic 322 received 66307 bytes
Nic 381 received 66307 bytes
Nic 707 received 66307 bytes
Nic 923 received 66307 bytes
Nic 141 received 66307 bytes
Nic 629 received 66307 bytes
Nic 871 received 66307 bytes
Nic 582 received 66307 bytes
Nic 1004 received 66307 bytes
Nic 128 received 66307 bytes
Nic 1075 received 66307 bytes
Nic 18 received 66307 bytes
Nic 766 received 66307 bytes
Nic 323 received 66307 bytes
Nic 376 received 66307 bytes
Nic 708 received 66307 bytes
Nic 924 received 66307 bytes
Nic 142 received 66307 bytes
Nic 630 received 66307 bytes
Nic 819 received 66307 bytes
Nic 583 received 66307 bytes
Nic 536 received 66307 bytes
Nic 445 received 66307 bytes
Nic 269 received 66307 bytes
Nic 537 received 66307 bytes
Nic 446 received 66307 bytes
Nic 215 received 66307 bytes
Nic 129 received 66307 bytes
Nic 1076 received 66307 bytes
Nic 19 received 66307 bytes
Nic 767 received 66307 bytes
Nic 324 received 66307 bytes
Nic 375 received 66307 bytes
Nic 709 received 66307 bytes
Nic 933 received 66307 bytes
Nic 151 received 66307 bytes
Nic 631 received 66307 bytes
Nic 820 received 66307 bytes
Nic 584 received 66307 bytes
Nic 1005 received 66307 bytes
Nic 538 received 66307 bytes
Nic 447 received 66307 bytes
Nic 214 received 66307 bytes
Nic 130 received 66307 bytes
Nic 1077 received 66307 bytes
Nic 20 received 66307 bytes
Nic 768 received 66307 bytes
Nic 325 received 66307 bytes
Nic 374 received 66307 bytes
Nic 710 received 66307 bytes
Nic 934 received 66307 bytes
Nic 152 received 66307 bytes
Nic 632 received 66307 bytes
Nic 593 received 66307 bytes
Nic 1006 received 66307 bytes
Nic 539 received 66307 bytes
Nic 448 received 66307 bytes
Nic 213 received 66307 bytes
Nic 131 received 66307 bytes
Nic 1078 received 66307 bytes
Nic 21 received 66307 bytes
Nic 769 received 66307 bytes
Nic 326 received 66307 bytes
Nic 363 received 66307 bytes
Nic 711 received 66307 bytes
Nic 935 received 66307 bytes
Nic 153 received 66307 bytes
Nic 633 received 66307 bytes
Nic 821 received 66307 bytes
Nic 563 received 66307 bytes
Nic 1007 received 66307 bytes
Nic 1079 received 66307 bytes
Nic 22 received 66307 bytes
Nic 770 received 66307 bytes
Nic 327 received 66307 bytes
Nic 364 received 66307 bytes
Nic 724 received 66307 bytes
Nic 936 received 66307 bytes
Nic 186 received 66307 bytes
Nic 634 received 66307 bytes
Nic 822 received 66307 bytes
Nic 564 received 66307 bytes
Nic 1008 received 66307 bytes
Nic 540 received 66307 bytes
Nic 457 received 66307 bytes
Nic 212 received 66307 bytes
Nic 132 received 66307 bytes
Nic 541 received 66307 bytes
Nic 427 received 66307 bytes
Nic 211 received 66307 bytes
Nic 133 received 66307 bytes
Nic 1080 received 66307 bytes
Nic 23 received 66307 bytes
Nic 771 received 66307 bytes
Nic 328 received 66307 bytes
Nic 365 received 66307 bytes
Nic 723 received 66307 bytes
Nic 937 received 66307 bytes
Nic 187 received 66307 bytes
Nic 635 received 66307 bytes
Nic 831 received 66307 bytes
Nic 565 received 66307 bytes
Nic 1009 received 66307 bytes
Nic 478 received 66307 bytes
Nic 428 received 66307 bytes
Nic 206 received 66307 bytes
Nic 75 received 66307 bytes
Nic 1081 received 66307 bytes
Nic 38 received 66307 bytes
Nic 772 received 66307 bytes
Nic 329 received 66307 bytes
Nic 366 received 66307 bytes
Nic 722 received 66307 bytes
Nic 938 received 66307 bytes
Nic 188 received 66307 bytes
Nic 636 received 66307 bytes
Nic 832 received 66307 bytes
Nic 566 received 66307 bytes
Nic 1010 received 66307 bytes
Nic 773 received 66307 bytes
Nic 287 received 66307 bytes
Nic 367 received 66307 bytes
Nic 721 received 66307 bytes
Nic 939 received 66307 bytes
Nic 189 received 66307 bytes
Nic 637 received 66307 bytes
Nic 833 received 66307 bytes
Nic 567 received 66307 bytes
Nic 1011 received 66307 bytes
Nic 477 received 66307 bytes
Nic 429 received 66307 bytes
Nic 205 received 66307 bytes
Nic 70 received 66307 bytes
Nic 1082 received 66307 bytes
Nic 24 received 66307 bytes
Nic 430 received 66307 bytes
Nic 204 received 66307 bytes
Nic 69 received 66307 bytes
Nic 1083 received 66307 bytes
Nic 39 received 66307 bytes
Nic 774 received 66307 bytes
Nic 288 received 66307 bytes
Nic 368 received 66307 bytes
Nic 716 received 66307 bytes
Nic 940 received 66307 bytes
Nic 190 received 66307 bytes
Nic 638 received 66307 bytes
Nic 834 received 66307 bytes
Nic 568 received 66307 bytes
Nic 956 received 66307 bytes
Nic 476 received 66307 bytes
Nic 479 received 66307 bytes
Nic 431 received 66307 bytes
Nic 207 received 66307 bytes
Nic 68 received 66307 bytes
Nic 1084 received 66307 bytes
Nic 40 received 66307 bytes
Nic 775 received 66307 bytes
Nic 289 received 66307 bytes
Nic 369 received 66307 bytes
Nic 715 received 66307 bytes
Nic 941 received 66307 bytes
Nic 191 received 66307 bytes
Nic 639 received 66307 bytes
Nic 835 received 66307 bytes
Nic 569 received 66307 bytes
Nic 1012 received 66307 bytes
Nic 640 received 66307 bytes
Nic 872 received 66307 bytes
Nic 570 received 66307 bytes
Nic 1013 received 66307 bytes
Nic 480 received 66307 bytes
Nic 432 received 66307 bytes
Nic 208 received 66307 bytes
Nic 71 received 66307 bytes
Nic 1085 received 66307 bytes
Nic 49 received 66307 bytes
Nic 776 received 66307 bytes
Nic 290 received 66307 bytes
Nic 370 received 66307 bytes
Nic 714 received 66307 bytes
Nic 901 received 66307 bytes
Nic 192 received 66307 bytes
Nic 571 received 66307 bytes
Nic 1014 received 66307 bytes
Nic 433 received 66307 bytes
Nic 209 received 66307 bytes
Nic 72 received 66307 bytes
Nic 1025 received 66307 bytes
Nic 50 received 66307 bytes
Nic 777 received 66307 bytes
Nic 291 received 66307 bytes
Nic 371 received 66307 bytes
Nic 717 received 66307 bytes
Nic 902 received 66307 bytes
Nic 193 received 66307 bytes
Nic 641 received 66307 bytes
Nic 873 received 66307 bytes
Nic 481 received 66307 bytes
Nic 434 received 66307 bytes
Nic 210 received 66307 bytes
Nic 73 received 66307 bytes
Nic 1026 received 66307 bytes
Nic 51 received 66307 bytes
Nic 778 received 66307 bytes
Nic 292 received 66307 bytes
Nic 377 received 66307 bytes
Nic 718 received 66307 bytes
Nic 903 received 66307 bytes
Nic 194 received 66307 bytes
Nic 642 received 66307 bytes
Nic 874 received 66307 bytes
Nic 572 received 66307 bytes
Nic 1015 received 66307 bytes
Nic 651 received 66307 bytes
Nic 875 received 66307 bytes
Nic 573 received 66307 bytes
Nic 1016 received 66307 bytes
Nic 482 received 66307 bytes
Nic 435 received 66307 bytes
Nic 219 received 66307 bytes
Nic 74 received 66307 bytes
Nic 1035 received 66307 bytes
Nic 52 received 66307 bytes
Nic 779 received 66307 bytes
Nic 330 received 66307 bytes
Nic 378 received 66307 bytes
Nic 719 received 66307 bytes
Nic 904 received 66307 bytes
Nic 195 received 66307 bytes
Nic 491 received 66307 bytes
Nic 436 received 66307 bytes
Nic 220 received 66307 bytes
Nic 83 received 66307 bytes
Nic 1036 received 66307 bytes
Nic 53 received 66307 bytes
Nic 785 received 66307 bytes
Nic 293 received 66307 bytes
Nic 379 received 66307 bytes
Nic 720 received 66307 bytes
Nic 905 received 66307 bytes
Nic 196 received 66307 bytes
Nic 652 received 66307 bytes
Nic 876 received 66307 bytes
Nic 574 received 66307 bytes
Nic 1017 received 66307 bytes
Nic 661 received 66307 bytes
Nic 877 received 66307 bytes
Nic 575 received 66307 bytes
Nic 957 received 66307 bytes
Nic 492 received 66307 bytes
Nic 437 received 66307 bytes
Nic 221 received 66307 bytes
Nic 84 received 66307 bytes
Nic 1037 received 66307 bytes
Nic 25 received 66307 bytes
Nic 786 received 66307 bytes
Nic 294 received 66307 bytes
Nic 380 received 66307 bytes
Nic 729 received 66307 bytes
Nic 906 received 66307 bytes
Nic 197 received 66307 bytes
Nic 493 received 66307 bytes
Nic 438 received 66307 bytes
Nic 222 received 66307 bytes
Nic 85 received 66307 bytes
Nic 1038 received 66307 bytes
Nic 26 received 66307 bytes
Nic 787 received 66307 bytes
Nic 295 received 66307 bytes
Nic 389 received 66307 bytes
Nic 730 received 66307 bytes
Nic 907 received 66307 bytes
Nic 198 received 66307 bytes
Nic 662 received 66307 bytes
Nic 878 received 66307 bytes
Nic 594 received 66307 bytes
Nic 958 received 66307 bytes
Nic 595 received 66307 bytes
Nic 967 received 66307 bytes
Nic 494 received 66307 bytes
Nic 439 received 66307 bytes
Nic 223 received 66307 bytes
Nic 86 received 66307 bytes
Nic 1039 received 66307 bytes
Nic 27 received 66307 bytes
Nic 788 received 66307 bytes
Nic 296 received 66307 bytes
Nic 390 received 66307 bytes
Nic 731 received 66307 bytes
Nic 908 received 66307 bytes
Nic 154 received 66307 bytes
Nic 663 received 66307 bytes
Nic 879 received 66307 bytes
Nic 880 received 66307 bytes
Nic 596 received 66307 bytes
Nic 968 received 66307 bytes
Nic 495 received 66307 bytes
Nic 458 received 66307 bytes
Nic 224 received 66307 bytes
Nic 87 received 66307 bytes
Nic 1040 received 66307 bytes
Nic 28 received 66307 bytes
Nic 797 received 66307 bytes
Nic 297 received 66307 bytes
Nic 391 received 66307 bytes
Nic 732 received 66307 bytes
Nic 909 received 66307 bytes
Nic 199 received 66307 bytes
Nic 664 received 66307 bytes
Nic 597 received 66307 bytes
Nic 969 received 66307 bytes
Nic 496 received 66307 bytes
Nic 459 received 66307 bytes
Nic 225 received 66307 bytes
Nic 88 received 66307 bytes
Nic 1041 received 66307 bytes
Nic 29 received 66307 bytes
Nic 798 received 66307 bytes
Nic 298 received 66307 bytes
Nic 392 received 66307 bytes
Nic 733 received 66307 bytes
Nic 910 received 66307 bytes
Nic 200 received 66307 bytes
Nic 665 received 66307 bytes
Nic 881 received 66307 bytes
Nic 643 received 66307 bytes
Nic 836 received 66307 bytes
Nic 598 received 66307 bytes
Nic 970 received 66307 bytes
Nic 497 received 66307 bytes
Nic 460 received 66307 bytes
Nic 89 received 66307 bytes
Nic 1042 received 66307 bytes
Nic 30 received 66307 bytes
Nic 799 received 66307 bytes
Nic 299 received 66307 bytes
Nic 393 received 66307 bytes
Nic 734 received 66307 bytes
Nic 911 received 66307 bytes
Nic 201 received 66307 bytes
Nic 498 received 66307 bytes
Nic 461 received 66307 bytes
Nic 226 received 66307 bytes
Nic 90 received 66307 bytes
Nic 1043 received 66307 bytes
Nic 31 received 66307 bytes
Nic 800 received 66307 bytes
Nic 300 received 66307 bytes
Nic 394 received 66307 bytes
Nic 735 received 66307 bytes
Nic 912 received 66307 bytes
Nic 155 received 66307 bytes
Nic 666 received 66307 bytes
Nic 837 received 66307 bytes
Nic 599 received 66307 bytes
Nic 971 received 66307 bytes
Nic 156 received 66307 bytes
Nic 667 received 66307 bytes
Nic 838 received 66307 bytes
Nic 600 received 66307 bytes
Nic 972 received 66307 bytes
Nic 499 received 66307 bytes
Nic 462 received 66307 bytes
Nic 227 received 66307 bytes
Nic 91 received 66307 bytes
Nic 1044 received 66307 bytes
Nic 54 received 66307 bytes
Nic 801 received 66307 bytes
Nic 301 received 66307 bytes
Nic 395 received 66307 bytes
Nic 736 received 66307 bytes
Nic 913 received 66307 bytes
Nic 973 received 66307 bytes
Nic 500 received 66307 bytes
Nic 463 received 66307 bytes
Nic 228 received 66307 bytes
Nic 92 received 66307 bytes
Nic 1045 received 66307 bytes
Nic 55 received 66307 bytes
Nic 802 received 66307 bytes
Nic 302 received 66307 bytes
Nic 396 received 66307 bytes
Nic 737 received 66307 bytes
Nic 914 received 66307 bytes
Nic 157 received 66307 bytes
Nic 668 received 66307 bytes
Nic 839 received 66307 bytes
Nic 601 received 66307 bytes
Nic 840 received 66307 bytes
Nic 602 received 66307 bytes
Nic 974 received 66307 bytes
Nic 501 received 66307 bytes
Nic 464 received 66307 bytes
Nic 229 received 66307 bytes
Nic 93 received 66307 bytes
Nic 1046 received 66307 bytes
Nic 56 received 66307 bytes
Nic 803 received 66307 bytes
Nic 303 received 66307 bytes
Nic 397 received 66307 bytes
Nic 738 received 66307 bytes
Nic 915 received 66307 bytes
Nic 158 received 66307 bytes
Nic 669 received 66307 bytes
Nic 57 received 66307 bytes
Nic 804 received 66307 bytes
Nic 331 received 66307 bytes
Nic 398 received 66307 bytes
Nic 739 received 66307 bytes
Nic 942 received 66307 bytes
Nic 159 received 66307 bytes
Nic 670 received 66307 bytes
Nic 841 received 66307 bytes
Nic 603 received 66307 bytes
Nic 975 received 66307 bytes
Nic 502 received 66307 bytes
Nic 465 received 66307 bytes
Nic 230 received 66307 bytes
Nic 94 received 66307 bytes
Nic 1047 received 66307 bytes
Nic 842 received 66307 bytes
Nic 604 received 66307 bytes
Nic 976 received 66307 bytes
Nic 503 received 66307 bytes
Nic 466 received 66307 bytes
Nic 231 received 66307 bytes
Nic 95 received 66307 bytes
Nic 1048 received 66307 bytes
Nic 58 received 66307 bytes
Nic 805 received 66307 bytes
Nic 332 received 66307 bytes
Nic 399 received 66307 bytes
Nic 740 received 66307 bytes
Nic 943 received 66307 bytes
Nic 160 received 66307 bytes
Nic 671 received 66307 bytes
Nic 504 received 66307 bytes
Nic 467 received 66307 bytes
Nic 232 received 66307 bytes
Nic 96 received 66307 bytes
Nic 1049 received 66307 bytes
Nic 59 received 66307 bytes
Nic 806 received 66307 bytes
Nic 333 received 66307 bytes
Nic 400 received 66307 bytes
Nic 741 received 66307 bytes
Nic 944 received 66307 bytes
Nic 161 received 66307 bytes
Nic 672 received 66307 bytes
Nic 843 received 66307 bytes
Nic 605 received 66307 bytes
Nic 977 received 66307 bytes
Nic 505 received 66307 bytes
Nic 468 received 66307 bytes
Nic 233 received 66307 bytes
Nic 97 received 66307 bytes
Nic 1050 received 66307 bytes
Nic 60 received 66307 bytes
Nic 807 received 66307 bytes
Nic 334 received 66307 bytes
Nic 401 received 66307 bytes
Nic 742 received 66307 bytes
Nic 945 received 66307 bytes
Nic 162 received 66307 bytes
Nic 673 received 66307 bytes
Nic 844 received 66307 bytes
Nic 606 received 66307 bytes
Nic 978 received 66307 bytes
Nic 98 received 66307 bytes
Nic 1051 received 66307 bytes
Nic 61 received 66307 bytes
Nic 808 received 66307 bytes
Nic 335 received 66307 bytes
Nic 402 received 66307 bytes
Nic 743 received 66307 bytes
Nic 946 received 66307 bytes
Nic 163 received 66307 bytes
Nic 674 received 66307 bytes
Nic 845 received 66307 bytes
Nic 607 received 66307 bytes
Nic 979 received 66307 bytes
Nic 506 received 66307 bytes
Nic 469 received 66307 bytes
Nic 234 received 66307 bytes
Nic 507 received 66307 bytes
Nic 470 received 66307 bytes
Nic 235 received 66307 bytes
Nic 99 received 66307 bytes
Nic 62 received 66307 bytes
Nic 809 received 66307 bytes
Nic 336 received 66307 bytes
Nic 403 received 66307 bytes
Nic 744 received 66307 bytes
Nic 947 received 66307 bytes
Nic 164 received 66307 bytes
Nic 675 received 66307 bytes
Nic 846 received 66307 bytes
Nic 608 received 66307 bytes
Nic 980 received 66307 bytes
Nic 609 received 66307 bytes
Nic 981 received 66307 bytes
Nic 471 received 66307 bytes
Nic 63 received 66307 bytes
Nic 810 received 66307 bytes
Nic 337 received 66307 bytes
Nic 404 received 66307 bytes
Nic 745 received 66307 bytes
Nic 948 received 66307 bytes
Nic 165 received 66307 bytes
Nic 676 received 66307 bytes
Nic 847 received 66307 bytes
Nic 949 received 66307 bytes
Nic 166 received 66307 bytes
Nic 677 received 66307 bytes
Nic 982 received 66307 bytes
Nic 472 received 66307 bytes
Nic 64 received 66307 bytes
Nic 811 received 66307 bytes
Nic 405 received 66307 bytes
Nic 983 received 66307 bytes
Nic 473 received 66307 bytes
Nic 65 received 66307 bytes
Nic 812 received 66307 bytes
Nic 167 received 66307 bytes
Simulation is complete, simulated time: 202.505 us
Nic 813 received 66307 bytes
